,adongCd,adongNm,bizesId,bizesNm,bldMngNo,bldMnno,bldNm,bldSlno,brchNm,ctprvnCd,ctprvnNm,dongNo,flrNo,hoNo,indsLclsCd,indsLclsNm,indsMclsCd,indsMclsNm,indsSclsCd,indsSclsNm,ksicCd,ksicNm,lat,ldongCd,ldongNm,lnoAdr,lnoCd,lnoMnno,lnoSlno,lon,newZipcd,oldZipcd,plotSctCd,plotSctNm,rdnm,rdnmAdr,rdnmCd,signguCd,signguNm
0,4281025000,인제읍,12079901,이디야커피인제점인제점,4281025021003610009009302,200,,1,인제점,42,강원도,,2,,Q,음식,Q12,커피점/카페,Q12A01,커피전문점/카페/다방,I56220,비알콜 음료점업,38.0691320377556,4281025021,인제읍,강원도 인제군 인제읍 상동리 361-9,4281025021203610009,361,9,128.172673756114,24635,252806,1,대지,강원도 인제군 인제읍 인제로,강원도 인제군 인제읍 인제로 200-1,428103233020,42810,인제군
1,4139052000,신천동,12079903,소래울토종순대국,4139010200108890005005826,1061,서당골어린이집,,,41,경기도,,1,1,Q,음식,Q10,별식/퓨전요리,Q10A05,순대전문점,I56111,한식 음식점업,37.4307694487411,4139010200,신천동,경기도 시흥시 신천동 889-5,4139010200208890005,889,5,126.792389571234,14951,429824,1,대지,경기도 시흥시 시흥대로,경기도 시흥시 시흥대로 1061,413902005010,41390,시흥시
2,4721059000,휴천1동,12079904,팔공식당,4721010400107170044008690,103,비원다방,,,47,경상북도,,2,,Q,음식,Q01,한식,Q01A01,한식/백반/한정식,I56111,한식 음식점업,36.8214265171684,4721010400,휴천동,경상북도 영주시 휴천동 717-44,4721010400207170044,717,44,128.628379004607,36086,750050,1,대지,경상북도 영주시 번영로,경상북도 영주시 번영로 103,472103309027,47210,영주시
3,4825034000,한림면,12079906,천리향,4825034023107790006096674,95,,1,,48,경상남도,,,5,Q,음식,Q01,한식,Q01A01,한식/백반/한정식,I56111,한식 음식점업,35.284576159887,4825034023,한림면,경상남도 김해시 한림면 병동리 779-6,4825034023207790006,779,6,128.791545945989,50850,621873,1,대지,경상남도 김해시 한림면 김해대로974번길,경상남도 김해시 한림면 김해대로974번길 95-1,482504805236,48250,김해시
4,4127158000,월피동,12079907,카페쥬빌로,4127110900104340019022701,630,,,,41,경기도,,1,,Q,음식,Q12,커피점/카페,Q12A01,커피전문점/카페/다방,I56220,비알콜 음료점업,37.3336255538914,4127110900,월피동,경기도 안산시 상록구 월피동 434-19,4127110900204340019,434,19,126.853855232731,15279,426853,1,대지,경기도 안산시 상록구 충장로,경기도 안산시 상록구 충장로 630,412713190071,41271,안산시 상록구
5,4111355000,평동,12079910,노가리앤비어,4111312900103140020035257,48,,,,41,경기도,,1,,Q,음식,Q09,유흥주점,Q09A01,호프/맥주,I56219,기타 주점업,37.2461993634848,4111312900,오목천동,경기도 수원시 권선구 오목천동 314-20,4111312900203140020,314,20,126.965967405195,16635,441849,1,대지,경기도 수원시 권선구 삼천병마로1598번길,경기도 수원시 권선구 삼천병마로1598번길 48,411134325235,41113,수원시 권선구
6,1174062000,천호3동,12079912,구분다리순대국,1174010900103970063010798,248,,,,11,서울특별시,,1,,Q,음식,Q10,별식/퓨전요리,Q10A05,순대전문점,I56111,한식 음식점업,37.5422966445131,1174010900,천호동,서울특별시 강동구 천호동 397-63,1174010900203970063,397,63,127.131224033772,05334,134020,1,대지,서울특별시 강동구 구천면로,서울특별시 강동구 구천면로 248,117403016054,11740,강동구
7,5011025000,한림읍,12079914,비치,5011025031016510000002445,381,,4,,50,제주특별자치도,,1,,Q,음식,Q06,양식,Q06A01,정통양식/경양식,I56114,서양식 음식점업,33.3969524651951,5011025031,한림읍,제주특별자치도 제주시 한림읍 협재리 1651,5011025031216510000,1651,,126.24346622049,63011,695934,1,대지,제주특별자치도 제주시 한림읍 한림로,제주특별자치도 제주시 한림읍 한림로 381-4,501103349208,50110,제주시
8,4825061000,장유1동,12079915,호박다방,4825031024102370001062493,315,,,,48,경상남도,,2,2,Q,음식,Q12,커피점/카페,Q12A01,커피전문점/카페/다방,I56220,비알콜 음료점업,35.1987336233246,4825012600,무계동,경상남도 김해시 무계동 232,4825012600202320000,232,,128.81627744837,51007,621240,1,대지,경상남도 김해시 장유로,경상남도 김해시 장유로 315,482503335054,48250,김해시
9,4128754000,탄현동,12079918,일산돼지1번지,4128710300100040020001252,415,,,,41,경기도,,1,,Q,음식,Q01,한식,Q01A02,갈비/삼겹살,I56111,한식 음식점업,37.6965412093284,4128710300,탄현동,경기도 고양시 일산서구 탄현동 4-20,4128710300200040020,4,20,126.777988390521,10247,411839,1,대지,경기도 고양시 일산서구 고봉로,경기도 고양시 일산서구 고봉로 415,412873012034,41287,고양시 일산서구
10,1135059500,공릉1동,12079920,스시야,1135010300105760019000001,1021,하이서울빌딩,,,11,서울특별시,,1,,Q,음식,Q03,일식/수산물,Q03A03,음식점-초밥전문,I56113,일식 음식점업,37.6212715167108,1135010300,공릉동,서울특별시 노원구 공릉동 576-19,1135010300205760019,576,19,127.074073700338,01858,139240,1,대지,서울특별시 노원구 동일로,서울특별시 노원구 동일로 1021,113503000001,11350,노원구
11,4155025000,공도읍,12079921,큰맘할매순대국,4155025029104170029014605,82,,1,,41,경기도,,,,Q,음식,Q10,별식/퓨전요리,Q10A05,순대전문점,I56111,한식 음식점업,36.9993140035614,4155025029,공도읍,경기도 안성시 공도읍 만정리 417-29,4155025029204170029,417,29,127.170247054666,17562,456823,1,대지,경기도 안성시 공도읍 공도로,경기도 안성시 공도읍 공도로 82-1,415503208010,41550,안성시
12,3117053000,화정동,12079924,인카페INCAFE,3117010200106510032008326,50,,,,31,울산광역시,,1,,Q,음식,Q12,커피점/카페,Q12A01,커피전문점/카페/다방,I56220,비알콜 음료점업,35.4942994597239,3117010200,화정동,울산광역시 동구 화정동 651-32,3117010200206510032,651,32,129.423147794183,44081,682822,1,대지,울산광역시 동구 화진8길,울산광역시 동구 화진8길 50,311704313286,31170,동구
13,2647073000,연산9동,12079925,60계,2647010200103560013000001,33,더샵파크시티,,,26,부산광역시,,1,,Q,음식,Q09,유흥주점,Q09A01,호프/맥주,I56219,기타 주점업,35.1920310348186,2647010200,연산동,부산광역시 연제구 연산동 2311,2647010200223110000,2311,,129.095566450158,47563,611080,1,대지,부산광역시 연제구 안연로,부산광역시 연제구 안연로 33,264703130029,26470,연제구
14,4122062000,비전1동,12079926,럭키스펍,4122011800111080000000001,20,,23,,41,경기도,,,,Q,음식,Q09,유흥주점,Q09A01,호프/맥주,I56219,기타 주점업,36.9995519172455,4122011800,비전동,경기도 평택시 비전동 1108,4122011800211080000,1108,,127.114619481027,17854,450150,1,대지,경기도 평택시 비전5로,경기도 평택시 비전5로 20-23,412203198035,41220,평택시
15,3611051000,한솔동,12079928,곤지암국밥,3611010700104550002000001,223,리베라아이누리,,,36,세종특별자치시,,1,,Q,음식,Q01,한식,Q01A05,해장국/감자탕,I56111,한식 음식점업,36.4843964504447,3611010700,나성동,세종특별자치시 세종특별자치시 나성동 455-2,3611010700204550002,455,2,127.25884877052,30127,339003,1,대지,세종특별자치시 세종특별자치시 한누리대로,세종특별자치시 세종특별자치시 한누리대로 223,361102000002,36110,세종특별자치시
16,1171058000,송파1동,12079929,뽕뽕포차,1171010400101370006012639,11,삼창빌딩,,,11,서울특별시,,,,Q,음식,Q09,유흥주점,Q09A02,소주방/포장마차,I56219,기타 주점업,37.5083681294348,1171010400,송파동,서울특별시 송파구 송파동 137-6,1171010400201370006,137,6,127.112547196973,05662,138170,1,대지,서울특별시 송파구 백제고분로46길,서울특별시 송파구 백제고분로46길 11,117104169198,11710,송파구
17,1150053500,등촌3동,12079931,삿갓봉사우나스낵,1150010200100630012000004,452,어위쉬예다인,,,11,서울특별시,하,-1,,Q,음식,Q04,분식,Q04A05,스낵,I56194,분식 및 김밥 전문점,37.5628498800968,1150010200,등촌동,서울특별시 강서구 등촌동 63-12,1150010200200630012,63,12,126.850805320542,07574,157030,1,대지,서울특별시 강서구 양천로,서울특별시 강서구 양천로 452,115003115008,11500,강서구
18,4373035000,청산면,12079937,청산닭집후라이드치킨,4373035021100230005007275,31,음식점,,,43,충청북도,,,,Q,음식,Q05,닭/오리요리,Q05A08,후라이드/양념치킨,I56193,치킨 전문점,36.3449328165547,4373035021,청산면,충청북도 옥천군 청산면 지전리 23-5,4373035021200230005,23,5,127.793649390706,29013,373874,1,대지,충청북도 옥천군 청산면 지전길,충청북도 옥천군 청산면 지전길 31,437304526389,43730,옥천군
19,1114059000,광희동,12079938,티라레미수,1114014900100020001000003,281,동대문역사문화공원,,동대문디자인플라자점,11,서울특별시,14,-2,4,Q,음식,Q12,커피점/카페,Q12A01,커피전문점/카페/다방,I56220,비알콜 음료점업,37.5680029265883,1114014900,을지로7가,서울특별시 중구 을지로7가 2-1,1114014900200020001,2,1,127.010889465579,04566,100197,1,대지,서울특별시 중구 을지로,서울특별시 중구 을지로 281,111403101006,11140,중구
20,4165051000,포천동,12079942,신포차,4165010100100460023033868,23,,,,41,경기도,,1,1,Q,음식,Q09,유흥주점,Q09A02,소주방/포장마차,I56219,기타 주점업,37.8977302006411,4165010100,신읍동,경기도 포천시 신읍동 46-23,4165010100200460023,46,23,127.200560576423,11145,487803,1,대지,경기도 포천시 중앙로119번길,경기도 포천시 중앙로119번길 23,416504439593,41650,포천시
21,1153077000,오류1동,12079943,한양떡방,1153010800100090177005366,11,,,,11,서울특별시,,1,,Q,음식,Q08,제과제빵떡케익,Q08A03,떡전문,I56191,제과점업,37.4957462015209,1153010800,오류동,서울특별시 구로구 오류동 9-177,1153010800200090177,9,177,126.8403107943,08254,152100,1,대지,서울특별시 구로구 고척로,서울특별시 구로구 고척로 11,115303116003,11530,구로구
22,4812958000,석동,12079944,시네마분식,4812914000105430003031673,752,롯데시네마,,,48,경상남도,,3,,Q,음식,Q04,분식,Q04A01,라면김밥분식,I56194,분식 및 김밥 전문점,35.1588313549817,4812914000,석동,경상남도 창원시 진해구 석동 543-3,4812914000205430003,543,3,128.697444611478,51674,645280,1,대지,경상남도 창원시 진해구 진해대로,경상남도 창원시 진해구 진해대로 752,481292000030,48129,창원시 진해구
23,4117353000,비산3동,12079946,원더풀숟가락스시락,4117310100103780002007206,253,,,,41,경기도,,1,,Q,음식,Q03,일식/수산물,Q03A03,음식점-초밥전문,I56113,일식 음식점업,37.3999427269173,4117310100,비산동,경기도 안양시 동안구 비산동 378-2,4117310100203780002,378,2,126.944737154702,13920,431050,1,대지,경기도 안양시 동안구 동안로,경기도 안양시 동안구 동안로 253,411733183006,41173,안양시 동안구
24,4729054100,서부1동,12079947,강원도집,4729010900105390007007101,88,,,,47,경상북도,,2,,Q,음식,Q01,한식,Q01A01,한식/백반/한정식,I56111,한식 음식점업,35.8233123579934,4729010900,옥산동,경상북도 경산시 옥산동 539-7,4729010900205390007,539,7,128.716147611945,38691,712801,1,대지,경상북도 경산시 삼성현로,경상북도 경산시 삼성현로 88,472903000224,47290,경산시
25,2914075200,상무2동,12079948,유명칼국수,2914011800112100005008778,23,,,,29,광주광역시,,1,,Q,음식,Q04,분식,Q04A02,국수/만두/칼국수,I56194,분식 및 김밥 전문점,35.1469222813672,2914011800,쌍촌동,광주광역시 서구 쌍촌동 1210-5,2914011800212100005,1210,5,126.864899618785,61992,502854,1,대지,광주광역시 서구 쌍촌로,광주광역시 서구 쌍촌로 23,291403160031,29140,서구
26,4146556000,동천동,12079951,비엔나커피하우스,4146510300108990000026008,506,,,,41,경기도,A,2,230,Q,음식,Q12,커피점/카페,Q12A01,커피전문점/카페/다방,I56220,비알콜 음료점업,37.3387818661687,4146510300,동천동,경기도 용인시 수지구 동천동 899,4146510300208990000,899,,127.101207095551,16827,448504,1,대지,경기도 용인시 수지구 수지로,경기도 용인시 수지구 수지로 506,414653205012,41465,용인시 수지구
27,1135060000,공릉2동,12079953,교촌치킨,1135010300104610001014325,235,,,공릉2호점,11,서울특별시,,,,Q,음식,Q05,닭/오리요리,Q05A08,후라이드/양념치킨,I56193,치킨 전문점,37.6301610766544,1135010300,공릉동,서울특별시 노원구 공릉동 461-1,1135010300204610001,461,1,127.075900734719,01832,139240,1,대지,서울특별시 노원구 공릉로,서울특별시 노원구 공릉로 235,113503005050,11350,노원구
28,4183031000,강상면,12079955,모들,4183031023106690006009407,4,,,,41,경기도,,1,,Q,음식,Q01,한식,Q01A01,한식/백반/한정식,I56111,한식 음식점업,37.4735663987874,4183031023,강상면,경기도 양평군 강상면 교평리 669-6,4183031023206690006,669,6,127.485835090641,12572,476911,1,대지,경기도 양평군 강상면 토골길,경기도 양평군 강상면 토골길 4,418304452354,41830,양평군
29,2638060100,다대1동,12079956,좋은날,2638010600115520017038027,694,,,,26,부산광역시,,5,,Q,음식,Q09,유흥주점,Q09A08,빠/카페/스탠드빠,I56211,일반유흥 주점업,35.0485421996124,2638010600,다대동,부산광역시 사하구 다대동 1552-17,2638010600215520017,1552,17,128.965630865014,49506,604050,1,대지,부산광역시 사하구 다대로,부산광역시 사하구 다대로 694,263803134007,26380,사하구
30,4127352000,,12079961,주스커피앤스낵바,4127310100105250004046823,241,,,,,,,1,,Q,음식,Q04,분식,Q04A05,스낵,I56194,분식 및 김밥 전문점,37.3181686148795,4127310100,고잔동,경기도 안산시 단원구 고잔동 525-4,4127310100205250004,525,4,126.82955146215,15358,425020,1,대지,경기도 안산시 단원구 광덕대로,경기도 안산시 단원구 광덕대로 241,412732190001,,
31,4827053000,삼문동,12079962,구9구,4827010400103030006053355,18,,,,48,경상남도,,1,,Q,음식,Q04,분식,Q04A01,라면김밥분식,I56194,분식 및 김밥 전문점,35.4866469713376,4827010400,삼문동,경상남도 밀양시 삼문동 303-6,4827010400203030006,303,6,128.752238987653,50437,627805,1,대지,경상남도 밀양시 삼문로,경상남도 밀양시 삼문로 18,482703335033,48270,밀양시
32,4812757000,양덕2동,12079964,하니베손만두,4812710500101530013006224,56,삼성홈플러스,,,48,경상남도,,1,,Q,음식,Q04,분식,Q04A02,국수/만두/칼국수,I56194,분식 및 김밥 전문점,35.2226757984789,4812710500,양덕동,경상남도 창원시 마산회원구 양덕동 151-1,4812710500201510001,151,1,128.585735094898,51320,630490,1,대지,경상남도 창원시 마산회원구 삼호로,경상남도 창원시 마산회원구 삼호로 56,481273329020,48127,창원시 마산회원구
33,4115055500,호원2동,12079965,롯데캐슬함바,4115010200104010010027986,52,,,,41,경기도,,1,,Q,음식,Q01,한식,Q01A01,한식/백반/한정식,I56111,한식 음식점업,37.726261783652,4115010200,호원동,경기도 의정부시 호원동 산17-8,4115010200200170008,17,8,127.03941700075,11634,480020,2,산,경기도 의정부시 회룡로,경기도 의정부시 회룡로 52,411503181055,41150,의정부시
34,4128153000,흥도동,12079966,응급실떡볶이,4128110400102730000000001,45,,,,41,경기도,,2,1,Q,음식,Q04,분식,Q04A03,떡볶이전문,I56194,분식 및 김밥 전문점,37.6362414961844,4128110400,원흥동,경기도 고양시 덕양구 원흥동 735-1,4128110400207350001,735,1,126.873536931984,10551,412040,1,대지,경기도 고양시 덕양구 삼원안길,경기도 고양시 덕양구 삼원안길 45,412814418187,41281,고양시 덕양구
35,4127353000,고잔2동,12079967,쵸파보드카페,4127310100105400002045905,42,우성빌딩,,,41,경기도,,4,402,Q,음식,Q12,커피점/카페,Q12A01,커피전문점/카페/다방,I56220,비알콜 음료점업,37.3180010683013,4127310100,고잔동,경기도 안산시 단원구 고잔동 540-2,4127310100205400002,540,2,126.838150982234,15361,425020,1,대지,경기도 안산시 단원구 고잔1길,경기도 안산시 단원구 고잔1길 42,412734373015,41273,안산시 단원구
36,4831034000,거제면,12079968,파리바게뜨,4831034026107220004000001,32,,,서정점,48,경상남도,,,,Q,음식,Q08,제과제빵떡케익,Q08A01,제과점,I56191,제과점업,34.8506169753548,4831034026,거제면,경상남도 거제시 거제면 서정리 722-4,4831034026207220004,722,4,128.5848578094,53285,656862,1,대지,경상남도 거제시 거제면 읍내로13길,경상남도 거제시 거제면 읍내로13길 32,483104811575,48310,거제시
37,4413157000,신방동,12079969,톡톡커피,4413111600119350000000001,61,,,,44,충청남도,,1,,Q,음식,Q01,한식,Q01A01,한식/백반/한정식,I56111,한식 음식점업,36.7699699778432,4413111600,신방동,충청남도 천안시 동남구 신방동 1935,4413111600219350000,1935,,127.132388345092,31207,330260,1,대지,충청남도 천안시 동남구 통정8로,충청남도 천안시 동남구 통정8로 61,441313249065,44131,천안시 동남구
38,1174066000,성내3동,12079972,지알레빗,1174010800104370026004635,49,영진파크빌,,,11,서울특별시,,1,,Q,음식,Q01,한식,Q01A01,한식/백반/한정식,I56111,한식 음식점업,37.5250918391555,1174010800,성내동,서울특별시 강동구 성내동 437-26,1174010800204370026,437,26,127.131955321263,05406,134030,1,대지,서울특별시 강동구 강동대로53길,서울특별시 강동구 강동대로53길 49,117404172003,11740,강동구
39,4122025600,포승읍,12079976,59피자,4122025622111420017046315,35,,,,41,경기도,,1,,Q,음식,Q07,패스트푸드,Q07A01,피자전문,I56192,"피자, 햄버거, 샌드위치 및 유사 음식점업",36.9888758153017,4122025622,포승읍,경기도 평택시 포승읍 도곡리 1142-17,4122025622211420017,1142,17,126.846299073733,17955,451822,1,대지,경기도 평택시 포승읍 여술로,경기도 평택시 포승읍 여술로 35,412203188064,41220,평택시
40,4117355000,관양1동,12079977,전주콩나물국밥,4117310200101110001000001,16,,,,41,경기도,1,,101,Q,음식,Q01,한식,Q01A05,해장국/감자탕,I56111,한식 음식점업,37.4053893511269,4117310200,관양동,경기도 안양시 동안구 관양동 1725-3,4117310200217250003,1725,3,126.97180330437,13929,431060,1,대지,경기도 안양시 동안구 동편로20번길,경기도 안양시 동안구 동편로20번길 16,411734349261,41173,안양시 동안구
41,5011055000,삼도1동,12079978,꽃담다,5011010500105590008028949,261,,,,50,제주특별자치도,,,,Q,음식,Q12,커피점/카페,Q12A01,커피전문점/카페/다방,I56220,비알콜 음료점업,33.5001472709311,5011010500,삼도일동,제주특별자치도 제주시 삼도일동 559-8,5011010500205590008,559,8,126.524495619673,63182,690846,1,대지,제주특별자치도 제주시 서광로,제주특별자치도 제주시 서광로 261,501103349090,50110,제주시
42,4155025000,공도읍,12079979,비어사케,4155025029108170002000001,3,,,,41,경기도,,,,Q,음식,Q09,유흥주점,Q09A01,호프/맥주,I56219,기타 주점업,37.0004714638741,4155025029,공도읍,경기도 안성시 공도읍 만정리 817-2,4155025029208170002,817,2,127.172110765829,17561,456823,1,대지,경기도 안성시 공도읍 공도4로,경기도 안성시 공도읍 공도4로 3,415503208073,41550,안성시
43,4825055000,북부동,12079980,서브웨이,4825010700114600003000001,163,,,김해시삼계점,48,경상남도,,,,Q,음식,Q07,패스트푸드,Q07A05,샌드위치전문점,I56192,"피자, 햄버거, 샌드위치 및 유사 음식점업",35.2630654862654,4825010700,삼계동,경상남도 김해시 삼계동 1460-3,4825010700214600003,1460,3,128.872016139766,50900,621070,1,대지,경상남도 김해시 가야로,경상남도 김해시 가야로 163,482503335004,48250,김해시
44,4311172000,용암1동,12079982,닭이랑오리랑,4311112400116610000030340,145,백운순복음교회,,,43,충청북도,,1,,Q,음식,Q05,닭/오리요리,Q05A09,오리고기전문,I56111,한식 음식점업,36.6092003681305,4311112400,용암동,충청북도 청주시 상당구 용암동 1661,4311112400216610000,1661,,127.504542090804,28776,360100,1,대지,충청북도 청주시 상당구 월평로184번길,충청북도 청주시 상당구 월평로184번길 145,431114508560,43111,청주시 상당구
45,4825025000,진영읍,12079983,코나303,4825025026116000006033001,24,,19,,48,경상남도,,,,Q,음식,Q09,유흥주점,Q09A01,호프/맥주,I56219,기타 주점업,35.3076143539348,4825025026,진영읍,경상남도 김해시 진영읍 진영리 1600-6,4825025026216000006,1600,6,128.727177797,50862,621809,1,대지,경상남도 김해시 진영읍 진산대로26번길,경상남도 김해시 진영읍 진산대로26번길 24-19,482504805742,48250,김해시
46,4719067000,인동동,12079984,빨간망토,4719012100103030002002461,26,,,구미인동로데오점,47,경상북도,,2,,Q,음식,Q06,양식,Q06A01,정통양식/경양식,I56114,서양식 음식점업,36.1090784593611,4719012100,황상동,경상북도 구미시 황상동 303-2,4719012100203030002,303,2,128.419540354749,39430,730932,1,대지,경상북도 구미시 인동중앙로11길,경상북도 구미시 인동중앙로11길 26,471904724778,47190,구미시
47,4833025300,물금읍,12079986,다인밥상,4833025323112100006000001,14,,,,48,경상남도,,1,,Q,음식,Q01,한식,Q01A01,한식/백반/한정식,I56111,한식 음식점업,35.312126666296,4833025323,물금읍,경상남도 양산시 물금읍 가촌리 1289-1,4833025323212890001,1289,1,129.010046050693,50653,626811,1,대지,경상남도 양산시 물금읍 야리3길,경상남도 양산시 물금읍 야리3길 14,483304814983,48330,양산시
48,4137057000,대원동,12079987,성호분식,4137010300106070001008523,40,,,,41,경기도,,1,,Q,음식,Q04,분식,Q04A01,라면김밥분식,I56194,분식 및 김밥 전문점,37.1398792067401,4137010300,원동,경기도 오산시 원동 607-1,4137010300206070001,607,1,127.081988327885,18150,447804,1,대지,경기도 오산시 동부대로436번길,경기도 오산시 동부대로436번길 40,413704394059,41370,오산시
49,4377025300,금왕읍,12079989,맘스터치금왕점,4377025321102530007000002,267,,,금왕점,43,충청북도,,1,,Q,음식,Q01,한식,Q01A01,한식/백반/한정식,I56111,한식 음식점업,36.992616209994,4377025321,금왕읍,충청북도 음성군 금왕읍 무극리 253-7,4377025321202530007,253,7,127.591345514041,27629,369904,1,대지,충청북도 음성군 금왕읍 무극로,충청북도 음성군 금왕읍 무극로 267,437703247019,43770,음성군
50,4833051000,중앙동,12079992,양산밀면전문점,4833010300102970007057574,113,중앙횟집,,,48,경상남도,,,,Q,음식,Q01,한식,Q01A01,한식/백반/한정식,I56111,한식 음식점업,35.3440514344416,4833010300,중부동,경상남도 양산시 중부동 297-7,4833051000202970007,297,7,129.040024963393,50618,626050,1,대지,경상남도 양산시 삼일로,경상남도 양산시 삼일로 113,483303338036,48330,양산시
51,3120051000,농소1동,12079994,행복식당,3120010500103240016000001,3,,,,31,울산광역시,,1,,Q,음식,Q01,한식,Q01A01,한식/백반/한정식,I56111,한식 음식점업,35.6316004229297,3120010500,신천동,울산광역시 북구 신천동 324-16,3120010500203240016,324,16,129.351323898559,44224,683802,1,대지,울산광역시 북구 제내1길,울산광역시 북구 제내1길 3,312004316282,31200,북구
52,4283035000,강현면,12080002,홍게찜,4283035039100100008020128,32,정인회식당,,,42,강원도,,1,,Q,음식,Q03,일식/수산물,Q03A01,횟집,I56111,한식 음식점업,38.1201873907578,4283035039,강현면,강원도 양양군 강현면 전진리 10-8,4283035039200100008,10,8,128.630119633451,25009,215853,1,대지,강원도 양양군 강현면 낙산사로,강원도 양양군 강현면 낙산사로 32,428303235004,42830,양양군
53,4678025300,벌교읍,12080006,심할머니안흥찐빵만두,4678025321108860007702000,16,,,,46,전라남도,,1,,Q,음식,Q08,제과제빵떡케익,Q08A05,찐빵전문,I56194,분식 및 김밥 전문점,34.8429212726675,4678025321,벌교읍,전라남도 보성군 벌교읍 벌교리 886-7,4678025321208860007,886,7,127.346632920819,59427,546905,1,대지,전라남도 보성군 벌교읍 홍암로,전라남도 보성군 벌교읍 홍암로 16,467803290015,46780,보성군
54,4413356000,백석동,12080007,햇살머믄꼬마김밥,4413310300111580000000001,35,,22,,44,충청남도,,1,,Q,음식,Q04,분식,Q04A01,라면김밥분식,I56194,분식 및 김밥 전문점,36.8270370646231,4413310300,백석동,충청남도 천안시 서북구 백석동 1158,4413310300211580000,1158,,127.122047965683,31097,331220,1,대지,충청남도 천안시 서북구 한들3로,충청남도 천안시 서북구 한들3로 35-22,441333250048,44133,천안시 서북구
55,4150052000,중리동,12080008,새벽닭,4150010300102130000009810,76,라온팰리스,,,41,경기도,,1,,Q,음식,Q09,유흥주점,Q09A01,호프/맥주,I56219,기타 주점업,37.2786035204752,4150010300,중리동,경기도 이천시 중리동 213,4150010300202130000,213,,127.445620931578,17374,467800,1,대지,경기도 이천시 중리천로,경기도 이천시 중리천로 76,415003207052,41500,이천시
56,3017064000,둔산2동,12080009,페이웨이갤러리아타임월드점,3017011200110370000019242,211,갤러리아타임월드백화점,,갤러리아타임월드점,30,대전광역시,,1,,Q,음식,Q06,양식,Q06A01,정통양식/경양식,I56114,서양식 음식점업,36.3518658623033,3017011200,둔산동,대전광역시 서구 둔산동 1036,3017011200210360000,1036,,127.378172763236,35229,302714,1,대지,대전광역시 서구 대덕대로,대전광역시 서구 대덕대로 211,301702010001,30170,서구
57,1129068500,길음2동,12080014,1976샤브샤브,1129013400100200001025204,315,현대백화점미아점,,,11,서울특별시,,1,,Q,음식,Q10,별식/퓨전요리,Q10A02,샤브샤브전문,I56111,한식 음식점업,37.6083915431599,1129013400,길음동,서울특별시 성북구 길음동 20-1,1129013400200200001,20,1,127.028725560472,02730,136719,1,대지,서울특별시 성북구 동소문로,서울특별시 성북구 동소문로 315,112903107003,11290,성북구
58,2723074500,구암동,12080015,형제보양탕,2723012300106640014047180,5,,,,27,대구광역시,,1,,Q,음식,Q10,별식/퓨전요리,Q10A09,사철탕전문,I56111,한식 음식점업,35.9266762796856,2723012300,구암동,대구광역시 북구 구암동 664-14,2723012300206640014,664,14,128.552096939422,41465,702808,1,대지,대구광역시 북구 팔거천동로4길,대구광역시 북구 팔거천동로4길 5,272304235453,27230,북구
59,1129068500,길음2동,12080016,파주닭국수,1129013400100200001025204,315,현대백화점미아점,,,11,서울특별시,,,,Q,음식,Q04,분식,Q04A02,국수/만두/칼국수,I56194,분식 및 김밥 전문점,37.6083915431599,1129013400,길음동,서울특별시 성북구 길음동 20-1,1129068500200200001,20,1,127.028725560472,02730,136719,1,대지,서울특별시 성북구 동소문로,서울특별시 성북구 동소문로 315,112903107003,11290,성북구
60,2711068000,대봉1동,12080017,분더브레드,2711015700102140000018442,333,대백프라자,,,27,대구광역시,,1,,Q,음식,Q12,커피점/카페,Q12A01,커피전문점/카페/다방,I56220,비알콜 음료점업,35.8557240238825,2711015700,대봉동,대구광역시 중구 대봉동 214,2711015700202140000,214,,128.606376125991,41953,700718,1,대지,대구광역시 중구 명덕로,대구광역시 중구 명덕로 333,271103141013,27110,중구
61,2711068000,대봉1동,12080020,커피미학,2711015700102140000018442,333,대백프라자,,,27,대구광역시,,,,Q,음식,Q12,커피점/카페,Q12A01,커피전문점/카페/다방,I56220,비알콜 음료점업,35.8557240238825,2711015700,대봉동,대구광역시 중구 대봉동 214,2711015700202140000,214,,128.606376125991,41953,700718,1,대지,대구광역시 중구 명덕로,대구광역시 중구 명덕로 333,271103141013,27110,중구
62,2811057000,율목동,12080021,도미노피자,2811013100100010030101001,188,배다리쇼핑센터,,동인천역점,28,인천광역시,,1,,Q,음식,Q08,제과제빵떡케익,Q08A01,제과점,I56191,제과점업,37.4713945959736,2811013100,율목동,인천광역시 중구 율목동 1-30,2811013100200010030,1,30,126.63644027547,22319,400130,1,대지,인천광역시 중구 참외전로,인천광역시 중구 참외전로 188,281103149065,28110,중구
63,4311169000,용담.명암.산성동,12080025,불꽃생고기.코다리냉면,4311112100103650000048084,106,경일타워,,,43,충청북도,,2,,Q,음식,Q01,한식,Q01A02,갈비/삼겹살,I56111,한식 음식점업,36.6321715984285,4311112100,용담동,충청북도 청주시 상당구 용담동 365,4311112100203650000,365,,127.504372714974,28744,360190,1,대지,충청북도 청주시 상당구 산성로,충청북도 청주시 상당구 산성로 106,431113014064,43111,청주시 상당구
64,2711068000,대봉1동,12080031,다카라함바그,2711015700102140000018442,333,대백프라자,,,27,대구광역시,,,,Q,음식,Q07,패스트푸드,Q07A04,패스트푸드,I56199,그외 기타 음식점업,35.8557240238825,2711015700,대봉동,대구광역시 중구 대봉동 214,2711015700202140000,214,,128.606376125991,41953,700718,1,대지,대구광역시 중구 명덕로,대구광역시 중구 명덕로 333,271103141013,27110,중구
65,4111157100,정자1동,12080033,업스테얼스,4111113000106000031000001,24,,9,,41,경기도,,,202,Q,음식,Q01,한식,Q01A01,한식/백반/한정식,I56111,한식 음식점업,37.309321608521,4111113000,정자동,경기도 수원시 장안구 정자동 600-31,4111113000206000031,600,31,126.984856409102,16336,440300,1,대지,경기도 수원시 장안구 이목로,경기도 수원시 장안구 이목로 24-9,411113174010,41111,수원시 장안구
66,4719056500,선주원남동,12080036,켄터키49통닭봉곡점,4719010400103990003024390,5,,8,봉곡점,47,경상북도,,1,,Q,음식,Q09,유흥주점,Q09A01,호프/맥주,I56219,기타 주점업,36.1488463211788,4719010400,봉곡동,경상북도 구미시 봉곡동 399-3,4719010400203990003,399,3,128.312402180077,39210,730809,1,대지,경상북도 구미시 봉곡남로14길,경상북도 구미시 봉곡남로14길 5-8,471904724300,47190,구미시
67,4117355000,관양1동,12080039,오드리헵번카페,4117310200113850002000623,305,,,관양점,41,경기도,,1,101,Q,음식,Q12,커피점/카페,Q12A01,커피전문점/카페/다방,I56220,비알콜 음료점업,37.403690407631,4117310200,관양동,경기도 안양시 동안구 관양동 1385-2,4117310200213850002,1385,2,126.956838026989,13940,431060,1,대지,경기도 안양시 동안구 관평로,경기도 안양시 동안구 관평로 305,411733183003,41173,안양시 동안구
68,4137055000,세마동,12080043,띵똥와플,4137011300106000004000001,606,오산세교CL타워,,세마역점,41,경기도,600,1,1,Q,음식,Q12,커피점/카페,Q12A01,커피전문점/카페/다방,I56220,비알콜 음료점업,37.1858992935659,4137011300,세교동,경기도 오산시 세교동 600-4,4137011300206000004,600,4,127.042204022466,18106,447240,1,대지,경기도 오산시 수목원로,경기도 오산시 수목원로 606,413703198025,41370,오산시
69,2817067000,주안2동,12080045,늘맛나,2817010600105070017096432,3,,,,28,인천광역시,,1,,Q,음식,Q01,한식,Q01A01,한식/백반/한정식,I56111,한식 음식점업,37.4584031638568,2817010600,주안동,인천광역시 남구 주안동 507-17,2817010600205070017,507,17,126.676179915451,22154,402200,1,대지,인천광역시 남구 경인로326번길,인천광역시 남구 경인로326번길 3,281704253058,28170,남구
70,3611051000,한솔동,12080046,손흘림커피,3611010700105040000000001,194,세종의아침,,,36,세종특별자치시,,1,,Q,음식,Q12,커피점/카페,Q12A01,커피전문점/카페/다방,I56220,비알콜 음료점업,36.4822406850063,3611010700,나성동,세종특별자치시 세종특별자치시 나성동 504,3611010700205040000,504,,127.261458430476,30129,339003,1,대지,세종특별자치시 세종특별자치시 한누리대로,세종특별자치시 세종특별자치시 한누리대로 194,361102000002,36110,세종특별자치시
71,2917066600,삼각동,12080050,르미유베이커리,2917011600107530030047772,390,,1,,29,광주광역시,,1,,Q,음식,Q08,제과제빵떡케익,Q08A01,제과점,I56191,제과점업,35.1944454219203,2917011600,삼각동,광주광역시 북구 삼각동 753-30,2917011600207530030,753,30,126.900310480757,61051,500825,1,대지,광주광역시 북구 설죽로,광주광역시 북구 설죽로 390-1,291703162033,29170,북구
72,4311370000,운천.신봉동,12080051,너랑나랑,4311310500104630027013038,3,,,,43,충청북도,A,1,,Q,음식,Q01,한식,Q01A01,한식/백반/한정식,I56111,한식 음식점업,36.6612269456072,4311310500,신봉동,충청북도 청주시 흥덕구 신봉동 463-27,4311310500204630027,463,27,127.464879054396,28455,361840,1,대지,충청북도 청주시 흥덕구 사운로396번길,충청북도 청주시 흥덕구 사운로396번길 3,431134511491,43113,청주시 흥덕구
73,4479025000,청양읍,12080052,고추돼지갈비,4479025021101770009001087,11,,,,44,충청남도,,,,Q,음식,Q01,한식,Q01A02,갈비/삼겹살,I56111,한식 음식점업,36.4490283960599,4479025021,청양읍,충청남도 청양군 청양읍 읍내리 177-9,4479025021201770009,177,9,126.801381374584,33332,345804,1,대지,충청남도 청양군 청양읍 중앙로3길,충청남도 청양군 청양읍 중앙로3길 11,447904583269,44790,청양군
74,1138053000,불광2동,12080054,O.S푸드,1138010300102100001045730,16,,,,11,서울특별시,,1,,Q,음식,Q01,한식,Q01A01,한식/백반/한정식,I56111,한식 음식점업,37.6211966899592,1138010300,불광동,서울특별시 은평구 불광동 210-1,1138010300202100001,210,1,126.927944844235,03349,122040,1,대지,서울특별시 은평구 연서로34길,서울특별시 은평구 연서로34길 16,113804133166,11380,은평구
75,4831054000,아주동,12080060,아는누님,4831010500111400000000002,37,,,,48,경상남도,,1,,Q,음식,Q01,한식,Q01A01,한식/백반/한정식,I56111,한식 음식점업,34.8661644019541,4831010500,아주동,경상남도 거제시 아주동 1693-16,4831010500216930016,1693,16,128.688719446248,53305,656220,1,대지,경상남도 거제시 아주1로,경상남도 거제시 아주1로 37,483103337024,48310,거제시
76,4159042000,동탄면,12080062,정글주스,4159042032103400000000001,9,,6,,41,경기도,,2,,Q,음식,Q12,커피점/카페,Q12A01,커피전문점/카페/다방,I56220,비알콜 음료점업,37.1822851545796,4159042032,동탄면,경기도 화성시 동탄면 방교리 768-5,4159042032207680005,768,5,127.09130715751,18487,445811,1,대지,경기도 화성시 동탄면 동탄기흥로247번길,경기도 화성시 동탄면 동탄기흥로247번길 9-6,415904848189,41590,화성시
77,4146353000,상갈동,12080063,파찌네만두,4146310300104660003020660,95,신화빌,,,41,경기도,,1,,Q,음식,Q04,분식,Q04A01,라면김밥분식,I56194,분식 및 김밥 전문점,37.2661575010685,4146310300,상갈동,경기도 용인시 기흥구 상갈동 466-3,4146310300204660003,466,3,127.107618050731,17073,446905,1,대지,경기도 용인시 기흥구 금화로,경기도 용인시 기흥구 금화로 95,414633204014,41463,용인시 기흥구
78,3014062000,석교동,12080065,장모님국시방,3014010700100600002024001,223,,,,30,대전광역시,,1,,Q,음식,Q01,한식,Q01A01,한식/백반/한정식,I56111,한식 음식점업,36.3090667196996,3014010700,석교동,대전광역시 중구 석교동 60-2,3014010700200600002,60,2,127.442385435718,35060,301820,1,대지,대전광역시 중구 대종로,대전광역시 중구 대종로 223,301403010004,30140,중구
79,3020054600,노은1동,12080067,써브웨이,3020012000109050003009628,150,드래곤랜드,,대전노은점,30,대전광역시,,1,101,Q,음식,Q07,패스트푸드,Q07A04,패스트푸드,I56199,그외 기타 음식점업,36.3729354937248,3020012000,지족동,대전광역시 유성구 지족동 905-3,3020012000209050003,905,3,127.318415688678,34086,305330,1,대지,대전광역시 유성구 노은로,대전광역시 유성구 노은로 150,302003167015,30200,유성구
80,2729055500,감삼동,12080070,조타조아참숯구이,2729011300104610000000001,169,월드마크웨스트엔드,,,27,대구광역시,,1,,Q,음식,Q01,한식,Q01A99,기타고기요리,I56111,한식 음식점업,35.8487379942151,2729011300,감삼동,대구광역시 달서구 감삼동 461,2729011300204610000,461,,128.536400421601,42688,704753,1,대지,대구광역시 달서구 와룡로,대구광역시 달서구 와룡로 169,272903143013,27290,달서구
81,4113560000,이매1동,12080071,카페알레그로,4113510600101150003046548,47,,,,41,경기도,,1,,Q,음식,Q01,한식,Q01A01,한식/백반/한정식,I56111,한식 음식점업,37.3949797028671,4113510600,이매동,경기도 성남시 분당구 이매동 115-3,4113510600201150003,115,3,127.126117040177,13567,463829,1,대지,경기도 성남시 분당구 이매로,경기도 성남시 분당구 이매로 47,411353180047,41135,성남시 분당구
82,1153074000,개봉1동,12080072,셀렉토커피개봉동점,1153010700101560026006743,8,,,개봉동점,11,서울특별시,,1,,Q,음식,Q12,커피점/카페,Q12A01,커피전문점/카페/다방,I56220,비알콜 음료점업,37.4977675364225,1153010700,개봉동,서울특별시 구로구 개봉동 156-20,1153010700201560020,156,20,126.855399755336,08233,152090,1,대지,서울특별시 구로구 경인로35길,서울특별시 구로구 경인로35길 8,115304148092,11530,구로구
83,1154551000,가산동,12080073,서천집,1154510100100830012015626,42,,,,11,서울특별시,,1,,Q,음식,Q01,한식,Q01A01,한식/백반/한정식,I56111,한식 음식점업,37.4827675555758,1154510100,가산동,서울특별시 금천구 가산동 83-12,1154510100200830012,83,12,126.884856776656,08509,153801,1,대지,서울특별시 금천구 벚꽃로38길,서울특별시 금천구 벚꽃로38길 42,115454151225,11545,금천구
84,4145053000,신장2동,12080075,전집,4145010600103870013005137,11,,,,41,경기도,,1,,Q,음식,Q01,한식,Q01A01,한식/백반/한정식,I56111,한식 음식점업,37.5410499027984,4145010600,신장동,경기도 하남시 신장동 387-13,4145010600203870013,387,13,127.211660529728,12950,465030,1,대지,경기도 하남시 하남대로784번안길,경기도 하남시 하남대로784번안길 11,414504406277,41450,하남시
85,4146551000,풍덕천1동,12080077,Rany,4146510100106850000026433,21,,18,,41,경기도,,1,,Q,음식,Q01,한식,Q01A01,한식/백반/한정식,I56111,한식 음식점업,37.3310165124461,4146510100,풍덕천동,경기도 용인시 수지구 풍덕천동 685,4146510100206850000,685,,127.100284030719,16829,448170,1,대지,경기도 용인시 수지구 문인로31번길,경기도 용인시 수지구 문인로31번길 21-18,414654415045,41465,용인시 수지구
86,4211053000,조운동,12080078,명랑핫도그,4211010800100510025022925,15,,,,42,강원도,,,,Q,음식,Q07,패스트푸드,Q07A03,핫도그,I56192,"피자, 햄버거, 샌드위치 및 유사 음식점업",37.8791255821456,4211010800,조양동,강원도 춘천시 조양동 51-25,4211010800200510025,51,25,127.727092358658,24353,200941,1,대지,강원도 춘천시 명동길,강원도 춘천시 명동길 15,421104454215,42110,춘천시
87,4111354000,세류3동,12080079,노가리&Beer,4111312600108620000033533,73,웰빙프라자,,,41,경기도,,1,,Q,음식,Q01,한식,Q01A01,한식/백반/한정식,I56111,한식 음식점업,37.2585682182159,4111312600,세류동,경기도 수원시 권선구 세류동 862,4111312600208620000,862,,127.017452765099,16577,441110,1,대지,경기도 수원시 권선구 세지로,경기도 수원시 권선구 세지로 73,411133175031,41113,수원시 권선구
88,4136057000,별내동,12080080,에클레시아,4136011100109590001000001,40,,,,41,경기도,,1,,Q,음식,Q12,커피점/카페,Q12A01,커피전문점/카페/다방,I56220,비알콜 음료점업,37.6590945137452,4136011100,별내동,경기도 남양주시 별내동 959-1,4136011100209590001,959,1,127.128130740173,12105,472501,1,대지,경기도 남양주시 두물로39번길,경기도 남양주시 두물로39번길 40,413604841510,41360,남양주시
89,4148056000,운정2동,12080082,족발대학교,4148011700109690004000001,5,,26,,41,경기도,,1,,Q,음식,Q01,한식,Q01A08,족발/보쌈전문,I56111,한식 음식점업,37.7273359831895,4148011700,목동동,경기도 파주시 목동동 969-4,4148011700209690004,969,4,126.736814989966,10892,413110,1,대지,경기도 파주시 산내로104번길,경기도 파주시 산내로104번길 5-26,414804418958,41480,파주시
90,4161051000,경안동,12080083,토니버거,4161011200100270087002986,78,,,,41,경기도,,,,Q,음식,Q07,패스트푸드,Q07A04,패스트푸드,I56199,그외 기타 음식점업,37.4072483366026,4161011200,역동,경기도 광주시 역동 27-87,4161011200200270087,27,87,127.260213216046,12758,464807,1,대지,경기도 광주시 중앙로,경기도 광주시 중앙로 78,416103211038,41610,광주시
91,3171039000,삼남면,12080084,선이네회먹고가자,3171039021115740006000001,12,,1,,31,울산광역시,,1,,Q,음식,Q01,한식,Q01A01,한식/백반/한정식,I56111,한식 음식점업,35.5593127448621,3171039021,삼남면,울산광역시 울주군 삼남면 교동리 1574-6,3171039021215740006,1574,6,129.119470074073,44948,689812,1,대지,울산광역시 울주군 삼남면 남상평2길,울산광역시 울주군 삼남면 남상평2길 12-1,317104319142,31710,울주군
92,1144066000,서교동,12080087,썬라이트수제돈까스,1144012000103320004020438,59,,,,11,서울특별시,,,,Q,음식,Q06,양식,Q06A02,돈가스전문점,I56114,서양식 음식점업,37.5559422641342,1144012000,서교동,서울특별시 마포구 서교동 332-4,1144012000203320004,332,4,126.926786592385,04053,121836,1,대지,서울특별시 마포구 와우산로29길,서울특별시 마포구 와우산로29길 59,114404139466,11440,마포구
93,4146353000,상갈동,12080090,스낵팩토리,4146310500100310000227746,90,한국민속촌,,,41,경기도,,1,,Q,음식,Q01,한식,Q01A01,한식/백반/한정식,I56111,한식 음식점업,37.25912323322,4146310500,보라동,경기도 용인시 기흥구 보라동 107-1,4146310500201070001,107,1,127.122525728377,17075,446904,1,대지,경기도 용인시 기흥구 민속촌로,경기도 용인시 기흥구 민속촌로 90,414633204030,41463,용인시 기흥구
94,4812559000,,12080092,착한약오리,4812511700100830018033490,353,강남와이즈하우스,,,,,,,105,Q,음식,Q01,한식,Q01A99,기타고기요리,I56111,한식 음식점업,35.2065743185243,4812511700,부림동,경상남도 창원시 마산합포구 부림동 83-18,4812511700200830018,83,18,128.572989192994,51282,631070,1,대지,경상남도 창원시 마산합포구 315대로,경상남도 창원시 마산합포구 315대로 353,481252019003,,
95,4812357000,웅남동,12080096,커피엔디저트,4812312300100190003022921,18,,,,48,경상남도,,1,,Q,음식,Q12,커피점/카페,Q12A01,커피전문점/카페/다방,I56220,비알콜 음료점업,35.2094084935092,4812312300,신촌동,경상남도 창원시 성산구 신촌동 19-3,4812312300200190003,19,3,128.628562134039,51565,642370,1,대지,경상남도 창원시 성산구 공단로,경상남도 창원시 성산구 공단로 18,481233328004,48123,창원시 성산구
96,4717039000,길안면,12080097,통나무,4717039021100050001006095,342,,,,47,경상북도,,1,,Q,음식,Q12,커피점/카페,Q12A01,커피전문점/카페/다방,I56220,비알콜 음료점업,36.4565366972275,4717039021,길안면,경상북도 안동시 길안면 천지리 5-1,4717039021200050001,5,1,128.924936347646,36736,760845,1,대지,경상북도 안동시 길안면 길안청송로,경상북도 안동시 길안면 길안청송로 342,471703018014,47170,안동시
97,4887035000,지곡면,12080098,상대문,4887035027105240009022074,9,,,,48,경상남도,,1,,Q,음식,Q01,한식,Q01A01,한식/백반/한정식,I56111,한식 음식점업,35.5652744949627,4887035027,지곡면,경상남도 함양군 지곡면 창평리 524-9,4887035027205240009,524,9,127.775578375051,50018,676851,1,대지,경상남도 함양군 지곡면 지곡창촌길,경상남도 함양군 지곡면 지곡창촌길 9,488704838420,48870,함양군
98,4413125000,목천읍,12080099,돈구이,4413125035102410032048823,62,제일아이조움프라자,,,44,충청남도,,2,213,Q,음식,Q01,한식,Q01A01,한식/백반/한정식,I56111,한식 음식점업,36.7606508551245,4413125035,목천읍,충청남도 천안시 동남구 목천읍 응원리 241-32,4413125035202410032,241,32,127.179242801051,31224,330847,1,대지,충청남도 천안시 동남구 목천읍 삼성5길,충청남도 천안시 동남구 목천읍 삼성5길 62,441314547326,44131,천안시 동남구
99,1168065500,도곡1동,12080100,세이민,1168011800109500002000586,39,,,도곡본점,11,서울특별시,,,,Q,음식,Q03,일식/수산물,Q03A02,음식점-일식,I56113,일식 음식점업,37.4871907153978,1168011800,도곡동,서울특별시 강남구 도곡동 950-2,1168011800209500002,950,2,127.035215770807,06266,135270,1,대지,서울특별시 강남구 남부순환로359길,서울특별시 강남구 남부순환로359길 39,116804166091,11680,강남구
