,adongCd,adongNm,bizesId,bizesNm,bldMngNo,bldMnno,bldNm,bldSlno,brchNm,ctprvnCd,ctprvnNm,dongNo,flrNo,hoNo,indsLclsCd,indsLclsNm,indsMclsCd,indsMclsNm,indsSclsCd,indsSclsNm,ksicCd,ksicNm,lat,ldongCd,ldongNm,lnoAdr,lnoCd,lnoMnno,lnoSlno,lon,newZipcd,oldZipcd,plotSctCd,plotSctNm,rdnm,rdnmAdr,rdnmCd,signguCd,signguNm
0,2638060100,다대1동,26514393,홍가네,2638010600107930000003525,25,,,,26,부산광역시,,,,Q,음식,Q01,한식,Q01A01,한식/백반/한정식,I56111,한식 음식점업,35.0557085755237,2638010600,다대동,부산광역시 사하구 다대동 793,2638010600207930000,793,,128.97126212099,49524,604050,1,대지,부산광역시 사하구 다대로577번길,부산광역시 사하구 다대로577번길 25,263804202214,26380,사하구
1,4211054500,약사명동,26514399,현주네칼국수,4211011100101510000018143,392,,10,,42,강원도,,,,Q,음식,Q04,분식,Q04A01,라면김밥분식,I56194,분식 및 김밥 전문점,37.8723423272041,4211011100,약사동,강원도 춘천시 약사동 151,4211011100201510000,151,,127.723866520652,24357,200120,1,대지,강원도 춘천시 공지로,강원도 춘천시 공지로 392-10,421103218003,42110,춘천시
2,4213065000,행구동,26514408,호호부대찌개,4213011400106470001032724,430,,,,42,강원도,,,,Q,음식,Q01,한식,Q01A07,부대찌개/섞어찌개,I56111,한식 음식점업,37.3435654807755,4213011400,행구동,강원도 원주시 행구동 647-1,4213011400206470001,647,1,128.003800549233,26455,220160,1,대지,강원도 원주시 행구로,강원도 원주시 행구로 430,421303219058,42130,원주시
3,4711325000,흥해읍,26514409,형제수산,4711325048100590001014135,114,,,,47,경상북도,,,,Q,음식,Q03,일식/수산물,Q03A02,음식점-일식,I56113,일식 음식점업,36.0937602322017,4711325048,흥해읍,경상북도 포항시 북구 흥해읍 성곡리 59-1,4711325048200590001,59,1,129.353440520951,37559,791948,1,대지,경상북도 포항시 북구 흥해읍 성곡북길,경상북도 포항시 북구 흥해읍 성곡북길 114,471134712391,47113,포항시 북구
4,4315052700,,26514410,화려한걸단란주점,4315010700100280003029505,60,,,,,,,1,,Q,음식,Q09,유흥주점,Q09A10,룸살롱/단란주점,I56211,일반유흥 주점업,37.1392204757014,4315010700,중앙로2가,충청북도 제천시 중앙로2가 28-3,4315010700200280003,28,3,128.209652478899,27169,390012,1,대지,충청북도 제천시 독순로,충청북도 제천시 독순로 60,431503239015,,
5,3117058000,남목1동,26514418,홍초빈대떡,3117010700102010174004041,4,,,,31,울산광역시,,1,,Q,음식,Q01,한식,Q01A01,한식/백반/한정식,I56111,한식 음식점업,35.5401308489141,3117010700,동부동,울산광역시 동구 동부동 201-174,3117010700202010174,201,174,129.426934381927,44007,682801,1,대지,울산광역시 동구 미포3길,울산광역시 동구 미포3길 4,311704313107,31170,동구
6,2647068000,연산4동,26514420,환희노래주점,2647010200107230019006351,13,,,,26,부산광역시,,1,,Q,음식,Q09,유흥주점,Q09A10,룸살롱/단란주점,I56211,일반유흥 주점업,35.1870275963994,2647010200,연산동,부산광역시 연제구 연산동 723-19,2647010200207230019,723,19,129.082620075666,47520,611080,1,대지,부산광역시 연제구 반송로,부산광역시 연제구 반송로 13,264703130026,26470,연제구
7,2820058300,만수6동,26514426,황제한우,2820010300111040010007406,27,,,,28,인천광역시,,1,,Q,음식,Q01,한식,Q01A99,기타고기요리,I56111,한식 음식점업,37.4445500316872,2820010300,만수동,인천광역시 남동구 만수동 1104-10,2820010300211040010,1104,10,126.740929554751,21593,405240,1,대지,인천광역시 남동구 장승남로81번길,인천광역시 남동구 장승남로81번길 27,282004259660,28200,남동구
8,3111065000,성안동,26514435,황암가든,3111010900100960000024359,65,,53,,31,울산광역시,,,2,Q,음식,Q01,한식,Q01A01,한식/백반/한정식,I56111,한식 음식점업,35.5823469745422,3111010900,성안동,울산광역시 중구 성안동 96,3111010900200960000,96,,129.326774693555,44553,681300,1,대지,울산광역시 중구 내약길,울산광역시 중구 내약길 65-53,311104307088,31110,중구
9,4373025000,옥천읍,26514445,호프마을,4373025036100180043007793,47,,3,,43,충청북도,,1,,Q,음식,Q09,유흥주점,Q09A01,호프/맥주,I56219,기타 주점업,36.3012372378762,4373025036,옥천읍,충청북도 옥천군 옥천읍 금구리 18-43,4373025036200180043,18,43,127.569484026451,29046,373806,1,대지,충청북도 옥천군 옥천읍 금장로,충청북도 옥천군 옥천읍 금장로 47-3,437303242004,43730,옥천군
10,1111053000,사직동,26514462,혜성분식,1111011400100010003028858,3,,,,11,서울특별시,,1,,Q,음식,Q04,분식,Q04A01,라면김밥분식,I56194,분식 및 김밥 전문점,37.5764760422449,1111011400,내자동,서울특별시 종로구 내자동 1-3,1111011400200010003,1,3,126.97225168565,03041,110053,1,대지,서울특별시 종로구 자하문로,서울특별시 종로구 자하문로 3,111103100012,11110,종로구
11,4613078000,쌍봉동,26514463,화덕370,4613012800101760007000001,19,,,,46,전라남도,,1,,Q,음식,Q01,한식,Q01A01,한식/백반/한정식,I56111,한식 음식점업,34.7571363923513,4613012800,학동,전라남도 여수시 학동 176-7,4613012800201760007,176,7,127.663880638825,59689,555809,1,대지,전라남도 여수시 선소로,전라남도 여수시 선소로 19,461303282041,46130,여수시
12,1150059000,화곡본동,26514467,홍두께손칼국수,1150010300100980049018338,41,그린마트,1,,11,서울특별시,,1,,Q,음식,Q04,분식,Q04A01,라면김밥분식,I56194,분식 및 김밥 전문점,37.5432371137911,1150010300,화곡동,서울특별시 강서구 화곡동 98-49,1150010300200980049,98,49,126.84462242551,07721,157010,1,대지,서울특별시 강서구 까치산로,서울특별시 강서구 까치산로 41-1,115003115003,11500,강서구
13,4111159700,조원1동,26514468,호수갈비,4111113600105290003055415,53,,1,,41,경기도,,,,Q,음식,Q01,한식,Q01A01,한식/백반/한정식,I56111,한식 음식점업,37.2985045595074,4111113600,조원동,경기도 수원시 장안구 조원동 529-3,4111159700205290003,529,3,127.018557732126,16287,440200,1,대지,경기도 수원시 장안구 조원로,경기도 수원시 장안구 조원로 53-1,411113174012,41111,수원시 장안구
14,2620064000,청학2동,26514470,혜광갈비,2620012000100130016017952,350,,1,,26,부산광역시,,,,Q,음식,Q01,한식,Q01A01,한식/백반/한정식,I56111,한식 음식점업,35.0954070916519,2620012000,청학동,부산광역시 영도구 청학동 13-16,2620064000200130016,13,16,129.063607447476,49015,606070,1,대지,부산광역시 영도구 태종로,부산광역시 영도구 태종로 350-1,262003006003,26200,영도구
15,2729057200,용산2동,26514472,홈플러스E용산2점,2729011100104140005002336,27,,,E용산2점,27,대구광역시,,1,,Q,음식,Q08,제과제빵떡케익,Q08A01,제과점,I56191,제과점업,35.8539450269524,2729011100,용산동,대구광역시 달서구 용산동 414-5,2729011100204140005,414,5,128.518521890683,42621,704130,1,대지,대구광역시 달서구 성지로,대구광역시 달서구 성지로 27,272903147023,27290,달서구
16,4128559000,장항2동,26514474,화계림불닭발,4128510400107560003009336,60,크리스탈빌딩,21,,41,경기도,,1,,Q,음식,Q01,한식,Q01A01,한식/백반/한정식,I56111,한식 음식점업,37.65979259544,4128510400,장항동,경기도 고양시 일산동구 장항동 756-3,4128559000207560003,756,3,126.768798876916,10401,410380,1,대지,경기도 고양시 일산동구 중앙로1275번길,경기도 고양시 일산동구 중앙로1275번길 60-21,412854379188,41285,고양시 일산동구
17,4812725000,내서읍,26514485,호래기나라,4812725025100090313016660,49,중리낚시,,,48,경상남도,,,,Q,음식,Q01,한식,Q01A01,한식/백반/한정식,I56111,한식 음식점업,35.2465242145777,4812725025,내서읍,경상남도 창원시 마산회원구 내서읍 중리 1050-9,4812725025210500009,1050,9,128.508659227772,51230,630857,1,대지,경상남도 창원시 마산회원구 내서읍 광려천서로,경상남도 창원시 마산회원구 내서읍 광려천서로 49,481273330006,48127,창원시 마산회원구
18,4785032000,동명면,26514494,황토덕진흙구이강원오리,4785032037100100000016108,304,,7,,47,경상북도,A,1,,Q,음식,Q05,닭/오리요리,Q05A09,오리고기전문,I56111,한식 음식점업,35.9848873090444,4785032037,동명면,경상북도 칠곡군 동명면 구덕리 10,4785032037200100000,10,,128.585405250046,39856,718922,1,대지,경상북도 칠곡군 동명면 한티로,경상북도 칠곡군 동명면 한티로 304-7,478503314008,47850,칠곡군
19,4717025000,풍산읍,26514500,황금해물탕찜,4717025021101150007000001,17,,,,47,경상북도,,,,Q,음식,Q01,한식,Q01A01,한식/백반/한정식,I56111,한식 음식점업,36.5808561302283,4717025021,풍산읍,경상북도 안동시 풍산읍 안교리 115-7,4717025000201150007,115,7,128.572150289283,36621,760802,1,대지,경상북도 안동시 풍산읍 어란안길,경상북도 안동시 풍산읍 어란안길 17,471704721802,47170,안동시
20,4272032000,두촌면,26514511,현리식당,4272032024108210007019428,33,,,,42,강원도,,1,,Q,음식,Q01,한식,Q01A01,한식/백반/한정식,I56111,한식 음식점업,37.8696997029807,4272032024,두촌면,강원도 홍천군 두촌면 자은리 821-7,4272032024208210007,821,7,128.021831586058,25160,250821,1,대지,강원도 홍천군 두촌면 자은장터길,강원도 홍천군 두촌면 자은장터길 33,427204475542,42720,홍천군
21,4131054200,교문2동,26514524,호남식당,4131010400107590019006945,28,,,,41,경기도,,1,10,Q,음식,Q01,한식,Q01A01,한식/백반/한정식,I56111,한식 음식점업,37.593183341163,4131010400,교문동,경기도 구리시 교문동 759-19,4131010400207590019,759,19,127.131810480561,11936,471020,1,대지,경기도 구리시 이문안로5번길,경기도 구리시 이문안로5번길 28,413104388152,41310,구리시
22,2671025600,정관읍,26514526,호밀호두,2671032028110520005000001,91,조은단과학원,16,COFFEE정관점,26,부산광역시,,,,Q,음식,Q12,커피점/카페,Q12A01,커피전문점/카페/다방,I56220,비알콜 음료점업,35.3295493966582,2671025628,정관읍,부산광역시 기장군 정관읍 용수리 1052-5,2671025628110520005,1052,5,129.171947508392,46004,619963,1,대지,부산광역시 기장군 정관읍 용수로,부산광역시 기장군 정관읍 용수로 91-16,267103140060,26710,기장군
23,4119080000,성곡동,26514527,황소부추곱창,4119910300100630008025157,684,,,,41,경기도,,,,Q,음식,Q01,한식,Q01A01,한식/백반/한정식,I56111,한식 음식점업,37.5169598841891,4119011900,작동,경기도 부천시 작동 63-8,4119011900200630008,63,8,126.804485715445,14474,421825,1,대지,경기도 부천시 소사로,경기도 부천시 소사로 684,411903012096,41190,부천시
24,4128752000,일산2동,26514532,현정이네민물고기,4128710100106170113003300,667,,10,,41,경기도,,1,,Q,음식,Q01,한식,Q01A01,한식/백반/한정식,I56111,한식 음식점업,37.6847683619644,4128710100,일산동,경기도 고양시 일산서구 일산동 617-113,4128710100206170113,617,113,126.770506204069,10342,411310,1,대지,경기도 고양시 일산서구 고양대로,경기도 고양시 일산서구 고양대로 667-10,412872192001,41287,고양시 일산서구
25,4885036000,금남면,26514535,회성회회집,4885036024105240003003254,145,회성회센타,,,48,경상남도,,,,Q,음식,Q03,일식/수산물,Q03A02,음식점-일식,I56113,일식 음식점업,34.9469175591935,4885036024,금남면,경상남도 하동군 금남면 노량리 524-3,4885036000205240003,524,3,127.871683204975,52352,667922,1,대지,경상남도 하동군 금남면 노량해안길,경상남도 하동군 금남면 노량해안길 145,488504832091,48850,하동군
26,4127151500,이동,26514536,화개장터,4127110200105280000000039,312,,,,41,경기도,,1,,Q,음식,Q01,한식,Q01A01,한식/백반/한정식,I56111,한식 음식점업,37.30866457231,4127110200,이동,경기도 안산시 상록구 이동 528,4127110200205280000,528,,126.857437964037,15507,426856,1,대지,경기도 안산시 상록구 충장로,경기도 안산시 상록구 충장로 312,412713190071,41271,안산시 상록구
27,3023054300,송촌동,26514539,현가네막창구이,3023010700105540000013541,13,서오아파트,,,30,대전광역시,,,103,Q,음식,Q01,한식,Q01A03,곱창/양구이전문,I56111,한식 음식점업,36.3604543305086,3023010700,송촌동,대전광역시 대덕구 송촌동 554,3023010700205540000,554,,127.445852195198,34421,306767,1,대지,대전광역시 대덕구 동춘당로23번길,대전광역시 대덕구 동춘당로23번길 13,302304304205,30230,대덕구
28,4131057000,수택1동,26514550,호세야참나무장작바베큐,4131010500105030013005269,10,,17,,41,경기도,,1,,Q,음식,Q01,한식,Q01A01,한식/백반/한정식,I56111,한식 음식점업,37.5968312780438,4131010500,수택동,경기도 구리시 수택동 503-13,4131010500205030013,503,13,127.146455726819,11931,471030,1,대지,경기도 구리시 검배로59번길,경기도 구리시 검배로59번길 10-17,413104388016,41310,구리시
29,5011066000,노형동,26514558,화가의집,5011012200112780009064509,11,,,,50,제주특별자치도,,1,,Q,음식,Q12,커피점/카페,Q12A01,커피전문점/카페/다방,I56220,비알콜 음료점업,33.4875040313465,5011012200,노형동,제주특별자치도 제주시 노형동 1278-9,5011012200212780009,1278,9,126.479487137263,63098,690803,1,대지,제주특별자치도 제주시 다랑곶길,제주특별자치도 제주시 다랑곶길 11,501104847437,50110,제주시
30,4148051000,금촌1동,26514570,홍보식당,4148010100107840002030212,24,고양/파주자치신문사,,,41,경기도,,1,,Q,음식,Q01,한식,Q01A01,한식/백반/한정식,I56111,한식 음식점업,37.7568206719165,4148010100,금촌동,경기도 파주시 금촌동 784-2,4148010100207840002,784,2,126.778223076376,10923,413010,1,대지,경기도 파주시 문화로,경기도 파주시 문화로 24,414803206112,41480,파주시
31,5011066000,노형동,26514575,효성갈비,5011012200110540001000001,6,,,,50,제주특별자치도,,,,Q,음식,Q01,한식,Q01A01,한식/백반/한정식,I56111,한식 음식점업,33.4892753333448,5011012200,노형동,제주특별자치도 제주시 노형동 1054-1,5011066000210540001,1054,1,126.476895332406,63097,690803,1,대지,제주특별자치도 제주시 월랑로10길,제주특별자치도 제주시 월랑로10길 6,501104848524,50110,제주시
32,2714060000,효목2동,26514578,홍천,2714010300104550002021950,5,영호빌딩,,,27,대구광역시,,1,,Q,음식,Q01,한식,Q01A01,한식/백반/한정식,I56111,한식 음식점업,35.8772755990476,2714010300,효목동,대구광역시 동구 효목동 455-2,2714010300204550002,455,2,128.63922156175,41237,701030,1,대지,대구광역시 동구 효서로,대구광역시 동구 효서로 5,271403142045,27140,동구
33,3017054000,변동,26514584,화조식당,3017010200100710006012509,67,,,,30,대전광역시,,1,,Q,음식,Q09,유흥주점,Q09A01,호프/맥주,I56219,기타 주점업,36.329929318508,3017010200,변동,대전광역시 서구 변동 71-6,3017010200200710006,71,6,127.376420182019,35319,302838,1,대지,대전광역시 서구 변동중로,대전광역시 서구 변동중로 67,301703166031,30170,서구
34,5011061000,삼양동,26514599,화성식당,5011011400121370026003983,383,,,,50,제주특별자치도,,1,,Q,음식,Q01,한식,Q01A01,한식/백반/한정식,I56111,한식 음식점업,33.5213673911702,5011011400,삼양이동,제주특별자치도 제주시 삼양이동 2137-26,5011011400221370026,2137,26,126.586082058633,63318,690072,1,대지,제주특별자치도 제주시 일주동로,제주특별자치도 제주시 일주동로 383,501103349235,50110,제주시
35,4513071000,소룡동,26514605,홍도수산,4513014800100780000030417,111,새만금수산시장(주),,,45,전라북도,D,,407,Q,음식,Q03,일식/수산물,Q03A02,음식점-일식,I56113,일식 음식점업,35.9386829384878,4513014800,비응도동,전라북도 군산시 비응도동 78,4513014800200780000,78,,126.534389567343,54003,573450,1,대지,전라북도 군산시 비응남로,전라북도 군산시 비응남로 111,451303268042,45130,군산시
36,1130563000,수유3동,26514606,호림마차,1130510300101720168009101,13,목화빌딩,,,11,서울특별시,,1,,Q,음식,Q01,한식,Q01A01,한식/백반/한정식,I56111,한식 음식점업,37.6418999169768,1130510300,수유동,서울특별시 강북구 수유동 172-168,1130510300201720168,172,168,127.028584058095,01054,142070,1,대지,서울특별시 강북구 도봉로97길,서울특별시 강북구 도봉로97길 13,113054124149,11305,강북구
37,4136025600,화도읍,26514613,홍두깨손칼국수,4136025622102020000003781,93,은행나무집,,,41,경기도,,,,Q,음식,Q04,분식,Q04A01,라면김밥분식,I56194,분식 및 김밥 전문점,37.6636489373264,4136025622,화도읍,경기도 남양주시 화도읍 묵현리 202,4136025622202020000,202,,127.294513363749,12158,472846,1,대지,경기도 남양주시 화도읍 비룡로99번길,경기도 남양주시 화도읍 비룡로99번길 93,413604391426,41360,남양주시
38,4119081000,고강본동,26514614,호치킨하우스,4119910500103760007011455,40,,,,41,경기도,,1,,Q,음식,Q05,닭/오리요리,Q05A08,후라이드/양념치킨,I56193,치킨 전문점,37.5267834677953,4119012100,고강동,경기도 부천시 고강동 376-7,4119012100103760007,376,7,126.818142620309,14408,421190,1,대지,경기도 부천시 역곡로482번길,경기도 부천시 역곡로482번길 40,411904358312,41190,부천시
39,4831057000,장평동,26514620,황고집소금구이,4831010800103460036023375,29,,5,,48,경상남도,,1,,Q,음식,Q01,한식,Q01A01,한식/백반/한정식,I56111,한식 음식점업,34.8925167878582,4831010800,장평동,경상남도 거제시 장평동 346-36,4831010800203460036,346,36,128.605231056598,53263,656927,1,대지,경상남도 거제시 장평3로7길,경상남도 거제시 장평3로7길 29-5,483104811627,48310,거제시
40,4155053000,안성3동,26514630,황소꼼장어,4155012800100010002019618,4,,,,41,경기도,,,,Q,음식,Q01,한식,Q01A01,한식/백반/한정식,I56111,한식 음식점업,37.0137138008063,4155012800,신건지동,경기도 안성시 신건지동 1-2,4155053000200010002,1,2,127.254369838417,17573,456370,1,대지,경기도 안성시 개내교1길,경기도 안성시 개내교1길 4,415504424031,41550,안성시
41,2626052000,복산동,26514632,형제회집,2626010500102290002016302,42,,,,26,부산광역시,,,,Q,음식,Q03,일식/수산물,Q03A02,음식점-일식,I56113,일식 음식점업,35.203443204162,2626010500,복천동,부산광역시 동래구 복천동 229-2,2626052000202290002,229,2,129.08548454133,47810,607020,1,대지,부산광역시 동래구 충렬대로237번길,부산광역시 동래구 충렬대로237번길 42,262604190503,26260,동래구
42,2826056000,석남2동,26514634,황가네해물칼국수,2826011000105840016017363,34,,,,28,인천광역시,,1,2,Q,음식,Q04,분식,Q04A01,라면김밥분식,I56194,분식 및 김밥 전문점,37.5022523025475,2826011000,석남동,인천광역시 서구 석남동 584-16,2826056000205840016,584,16,126.670214947461,22795,404220,1,대지,인천광역시 서구 건지로249번길,인천광역시 서구 건지로249번길 34,282604268103,28260,서구
43,4613063500,서강동,26514635,회뜨는집,4613011300105810000004305,2,,8,,46,전라남도,,1,,Q,음식,Q03,일식/수산물,Q03A02,음식점-일식,I56113,일식 음식점업,34.7409525125114,4613011300,서교동,전라남도 여수시 서교동 581,4613011300205810000,581,,127.728117952665,59752,550130,1,대지,전라남도 여수시 서교2길,전라남도 여수시 서교2길 2-8,461304646499,46130,여수시
44,4122025300,안중읍,26514640,황태마을,4122025321102970007040401,432,,,,41,경기도,,,,Q,음식,Q01,한식,Q01A01,한식/백반/한정식,I56111,한식 음식점업,36.9881866629485,4122025321,안중읍,경기도 평택시 안중읍 안중리 297-7,4122025300202970007,297,7,126.93252423009,17935,451884,1,대지,경기도 평택시 안중읍 안현로,경기도 평택시 안중읍 안현로 432,412203188135,41220,평택시
45,4119062000,상동,26514648,형제수산,4119510900102350007004876,8,,,,41,경기도,,,,Q,음식,Q03,일식/수산물,Q03A02,음식점-일식,I56113,일식 음식점업,37.4926011980169,4119010900,상동,경기도 부천시 상동 235-7,4119010900202350007,235,7,126.763859197332,14618,420810,1,대지,경기도 부천시 장말로200번길,경기도 부천시 장말로200번길 8,411904352445,41190,부천시
46,4122059000,신평동,26514652,화가네식당,4122011700107520000017628,31,,4,,41,경기도,,1,,Q,음식,Q01,한식,Q01A01,한식/백반/한정식,I56111,한식 음식점업,36.9928581244191,4122011700,합정동,경기도 평택시 합정동 752,4122011700207520000,752,,127.095711475416,17908,450831,1,대지,경기도 평택시 통미로9번길,경기도 평택시 통미로9번길 31-4,412204364798,41220,평택시
47,4623025000,광양읍,26514668,홍스타,4623025023101780001039808,64,,,,46,전라남도,,1,,Q,음식,Q01,한식,Q01A01,한식/백반/한정식,I56111,한식 음식점업,34.9787216242277,4623025023,광양읍,전라남도 광양시 광양읍 칠성리 178-1,4623025023201780001,178,1,127.585401725252,57742,545808,1,대지,전라남도 광양시 광양읍 칠성로,전라남도 광양시 광양읍 칠성로 64,462303285044,46230,광양시
48,4615057000,덕연동,26514671,회복참옷닭,4615011400114450002025267,72,누렁이보양탕,,,46,전라남도,,,,Q,음식,Q01,한식,Q01A01,한식/백반/한정식,I56111,한식 음식점업,34.9496570464727,4615011400,연향동,전라남도 순천시 연향동 1445-2,4615011400214450002,1445,2,127.525889517114,57975,540975,1,대지,전라남도 순천시 상대석길,전라남도 순천시 상대석길 72,461504649446,46150,순천시
49,2726051000,범어1동,26514677,현가네33족발,2726010100106820019017291,24,,,,27,대구광역시,,,,Q,음식,Q01,한식,Q01A01,한식/백반/한정식,I56111,한식 음식점업,35.8485017611459,2726010100,범어동,대구광역시 수성구 범어동 682-19,2726051000206820019,682,19,128.626226143454,42110,706010,1,대지,대구광역시 수성구 동대구로38안길,대구광역시 수성구 동대구로38안길 24,272604238118,27260,수성구
50,4812557000,완월동,26514680,헬로버거,4812512800102170007048346,181,완월빌라,,,48,경상남도,,1,101,Q,음식,Q07,패스트푸드,Q07A04,패스트푸드,I56199,그외 기타 음식점업,35.1979091516481,4812512800,완월동,경상남도 창원시 마산합포구 완월동 217-7,4812512800202170007,217,7,128.561979608199,51263,631862,1,대지,경상남도 창원시 마산합포구 고운로,경상남도 창원시 마산합포구 고운로 181,481253329003,48125,창원시 마산합포구
51,2920056500,어룡동,26514681,홍복갈비,2920010800105940018036174,9,,,,29,광주광역시,,1,,Q,음식,Q01,한식,Q01A02,갈비/삼겹살,I56111,한식 음식점업,35.1453621271722,2920010800,소촌동,광주광역시 광산구 소촌동 594-18,2920010800205940018,594,18,126.791197861371,62389,506802,1,대지,광주광역시 광산구 어등대로665번길,광주광역시 광산구 어등대로665번길 9,292004289433,29200,광산구
52,2914075100,상무1동,26514686,회도리회집,2914011800109680001009628,9,상무아파트,,,29,광주광역시,1,,,Q,음식,Q03,일식/수산물,Q03A01,횟집,I56111,한식 음식점업,35.1513947059841,2914011800,쌍촌동,광주광역시 서구 쌍촌동 968-1,2914011800209680001,968,1,126.859306173994,61970,502820,1,대지,광주광역시 서구 상무민주로6번길,광주광역시 서구 상무민주로6번길 9,291404280201,29140,서구
53,4122025300,안중읍,26514690,황수철피자,4122025321102620063044021,22,,,,41,경기도,,1,,Q,음식,Q07,패스트푸드,Q07A01,피자전문,I56192,"피자, 햄버거, 샌드위치 및 유사 음식점업",36.9869228327004,4122025321,안중읍,경기도 평택시 안중읍 안중리 262-63,4122025321202620063,262,63,126.928273331755,17936,451884,1,대지,경기도 평택시 안중읍 안중로114번길,경기도 평택시 안중읍 안중로114번길 22,412204364447,41220,평택시
54,4159026200,남양읍,26514695,현대치킨,4159010100118420000005351,36,문화관,,,41,경기도,,1,,Q,음식,Q05,닭/오리요리,Q05A08,후라이드/양념치킨,I56193,치킨 전문점,37.1979218290107,4159026221,남양읍,경기도 화성시 남양읍 남양리 1842,4159026221218420000,1842,,126.823356773318,18270,445704,1,대지,경기도 화성시 남양읍 남양로621번길,경기도 화성시 남양읍 남양로621번길 36,415904430195,41590,화성시
55,4711135000,호미곶면,26514699,호미곳식당,4711135022108860069066085,192,,,,47,경상북도,,1,,Q,음식,Q01,한식,Q01A01,한식/백반/한정식,I56111,한식 음식점업,36.0786163273232,4711135022,호미곶면,경상북도 포항시 남구 호미곶면 대보리 886-69,4711135022208860069,886,69,129.560519829532,37928,790812,1,대지,경상북도 포항시 남구 호미곶면 해맞이로,경상북도 포항시 남구 호미곶면 해맞이로 192,471113303059,47111,포항시 남구
56,1168067000,개포2동,26514702,혜성칼국수,1168010300101860011019909,5,성지빌딩,8,,11,서울특별시,,1,,Q,음식,Q04,분식,Q04A02,국수/만두/칼국수,I56194,분식 및 김밥 전문점,37.4888476666906,1168010300,개포동,서울특별시 강남구 개포동 186-11,1168010300201860011,186,11,127.067636863204,06329,135240,1,대지,서울특별시 강남구 개포로82길,서울특별시 강남구 개포로82길 5-8,116804166068,11680,강남구
57,4514057000,동산동,26514716,황금회센터,4514011100110520004073656,24,,,,45,전라북도,,,,Q,음식,Q03,일식/수산물,Q03A02,음식점-일식,I56113,일식 음식점업,35.9330167872968,4514011100,동산동,전라북도 익산시 동산동 1052-4,4514057000210520004,1052,4,126.965663757224,54608,570960,1,대지,전라북도 익산시 서동로28길,전라북도 익산시 서동로28길 24,451404607599,45140,익산시
58,4480025000,홍성읍,26514727,황제돈가스&국시,4480025030108930002034057,236,,,,44,충청남도,,,,Q,음식,Q06,양식,Q06A01,정통양식/경양식,I56114,서양식 음식점업,36.57712518114,4480025030,홍성읍,충청남도 홍성군 홍성읍 고암리 893-2,4480025030208930002,893,2,126.674812484774,32242,350801,1,대지,충청남도 홍성군 홍성읍 홍장북로,충청남도 홍성군 홍성읍 홍장북로 236,448003262025,44800,홍성군
59,1130554500,송중동,26514737,형제수산,1130510100100520084027647,14,,,,11,서울특별시,,1,,Q,음식,Q03,일식/수산물,Q03A02,음식점-일식,I56113,일식 음식점업,37.6127070128245,1130510100,미아동,서울특별시 강북구 미아동 52-84,1130510100200520084,52,84,127.033052840871,01218,142804,1,대지,서울특별시 강북구 월계로7나길,서울특별시 강북구 월계로7나길 14,113054124468,11305,강북구
60,4213066000,무실동,26514742,호돌이네,4213011000109160005023855,41,,8,,42,강원도,,1,,Q,음식,Q01,한식,Q01A07,부대찌개/섞어찌개,I56111,한식 음식점업,37.3401768044425,4213011000,단계동,강원도 원주시 단계동 916-5,4213011000209160005,916,5,127.933703088711,26474,220939,1,대지,강원도 원주시 이화1길,강원도 원주시 이화1길 41-8,421304457502,42130,원주시
61,2717054000,내당4동,26514748,홍가네,2717010100102450012013575,3,,,,27,대구광역시,,,,Q,음식,Q01,한식,Q01A01,한식/백반/한정식,I56111,한식 음식점업,35.8625482647696,2717010100,내당동,대구광역시 서구 내당동 245-12,2717054000202450012,245,12,128.555804122379,41851,703060,1,대지,대구광역시 서구 서대구로11길,대구광역시 서구 서대구로11길 3,271704229212,27170,서구
62,4689025000,완도읍,26514749,호남수산,4689025021112660007008286,45,,,,46,전라남도,,1,,Q,음식,Q03,일식/수산물,Q03A02,음식점-일식,I56113,일식 음식점업,34.3188516625248,4689025021,완도읍,전라남도 완도군 완도읍 군내리 1266-7,4689025021212660007,1266,7,126.748934238286,59118,537800,1,대지,전라남도 완도군 완도읍 개포로62번길,전라남도 완도군 완도읍 개포로62번길 45,468904700016,46890,완도군
63,4518054500,시기동,26514754,황금식당,4518010400103490003082042,41,성화의상실,,,45,전라북도,,1,,Q,음식,Q01,한식,Q01A01,한식/백반/한정식,I56111,한식 음식점업,35.563548433017,4518010400,시기동,전라북도 정읍시 시기동 349-3,4518010400203490003,349,3,126.855513466848,56164,580060,1,대지,전라북도 정읍시 태평7길,전라북도 정읍시 태평7길 41,451804611019,45180,정읍시
64,2917066100,두암1동,26514760,홍어마당,2917011400108660006042599,101,,,,29,광주광역시,,1,,Q,음식,Q01,한식,Q01A01,한식/백반/한정식,I56111,한식 음식점업,35.1701146709647,2917011400,두암동,광주광역시 북구 두암동 866-6,2917011400208660006,866,6,126.932286174261,61197,500100,1,대지,광주광역시 북구 군왕로,광주광역시 북구 군왕로 101,291703162002,29170,북구
65,3014072000,문화1동,26514761,혜성반점,3014011600102840022029460,177,,,,30,대전광역시,,1,,Q,음식,Q02,중식,Q02A00,중국음식/중국집,I56112,중식 음식점업,36.314725950601,3014011600,문화동,대전광역시 중구 문화동 284-22,3014011600202840022,284,22,127.404860631334,34960,301130,1,대지,대전광역시 중구 문화로,대전광역시 중구 문화로 177,301403165047,30140,중구
66,4273025000,횡성읍,26514767,횡성오복식당,4273025022101000001018527,5,,,,42,강원도,,,,Q,음식,Q01,한식,Q01A01,한식/백반/한정식,I56111,한식 음식점업,37.490236979583,4273025022,횡성읍,강원도 횡성군 횡성읍 읍하리 100-1,4273025022201000001,100,1,127.985669087341,25233,225808,1,대지,강원도 횡성군 횡성읍 문정로17번길,강원도 횡성군 횡성읍 문정로17번길 5,427304478197,42730,횡성군
67,4127156000,본오3동,26514772,황소숯불꼼장어,4127110400108720023018882,163,샘골빌딩,,,41,경기도,879,1,101,Q,음식,Q03,일식/수산물,Q03A14,곰장어전문,I56111,한식 음식점업,37.2997235857169,4127110400,본오동,경기도 안산시 상록구 본오동 872-23,4127110400208720023,872,23,126.866562874824,15538,426180,1,대지,경기도 안산시 상록구 본오로,경기도 안산시 상록구 본오로 163,412713190028,41271,안산시 상록구
68,1114064500,청구동,26514784,홍대돈부리,1114016200103700017006484,6,로얄빌딩,,,11,서울특별시,,,,Q,음식,Q06,양식,Q06A01,정통양식/경양식,I56114,서양식 음식점업,37.5559547298335,1114016200,신당동,서울특별시 중구 신당동 370-17,1114016200203700017,370,17,127.011818363767,04590,100450,1,대지,서울특별시 중구 다산로14길,서울특별시 중구 다산로14길 6,111404103031,11140,중구
69,4119060000,도당동,26514786,황금수산,4119510400102790004011168,148,,,,41,경기도,,1,,Q,음식,Q03,일식/수산물,Q03A02,음식점-일식,I56113,일식 음식점업,37.5067126102537,4119010400,도당동,경기도 부천시 도당동 279-4,4119010400202790004,279,4,126.780444998146,14526,420808,1,대지,경기도 부천시 옥산로,경기도 부천시 옥산로 148,411903184013,41190,부천시
70,4380025000,단양읍,26514802,현지소주방,4380025026101250000007309,21,동남댄스아카데미,,,43,충청북도,,1,,Q,음식,Q09,유흥주점,Q09A02,소주방/포장마차,I56219,기타 주점업,36.9827539497657,4380025026,단양읍,충청북도 단양군 단양읍 도전리 125,4380025026201250000,125,,128.368438112564,27010,395804,1,대지,충청북도 단양군 단양읍 도전12길,충청북도 단양군 단양읍 도전12길 21,438004544122,43800,단양군
71,4155025000,공도읍,26514804,호야문구,4155025025102340012023618,57,,15,,41,경기도,,1,,Q,음식,Q07,패스트푸드,Q07A04,패스트푸드,I56199,그외 기타 음식점업,37.0014945516307,4155025025,공도읍,경기도 안성시 공도읍 용두리 234-12,4155025025202340012,234,12,127.158695833594,17552,456821,1,대지,경기도 안성시 공도읍 기업단지로,경기도 안성시 공도읍 기업단지로 57-15,415503208012,41550,안성시
72,1120079000,용답동,26514805,황우식당,1120012200100670006002125,16,,1,,11,서울특별시,,1,,Q,음식,Q01,한식,Q01A01,한식/백반/한정식,I56111,한식 음식점업,37.5654941634944,1120012200,용답동,서울특별시 성동구 용답동 67-6,1120012200200670006,67,6,127.053280115531,04804,133848,1,대지,서울특별시 성동구 용답중앙13길,서울특별시 성동구 용답중앙13길 16-1,112004109493,11200,성동구
73,4113158000,수진2동,26514812,홍지네돌솥순두부흑돼지,4113110300130000000036294,5,,,,41,경기도,,2,,Q,음식,Q01,한식,Q01A15,순두부전문,I56111,한식 음식점업,37.4395736914592,4113110300,수진동,경기도 성남시 수정구 수진동 3000,4113110300230000000,3000,,127.128536884605,13316,461180,1,대지,경기도 성남시 수정구 성남대로1226번길,경기도 성남시 수정구 성남대로1226번길 5,411314334257,41131,성남시 수정구
74,4825033000,진례면,26514819,황가네해물천지,4825033022102520000032292,140,,11,,48,경상남도,,,,Q,음식,Q03,일식/수산물,Q03A05,해물찜/탕전문,I56111,한식 음식점업,35.257716880874,4825033022,진례면,경상남도 김해시 진례면 시례리 252,4825033022202520000,252,,128.73544661286,50872,621884,1,대지,경상남도 김해시 진례면 진례로311번길,경상남도 김해시 진례면 진례로311번길 140-11,482504805732,48250,김해시
75,4119060000,도당동,26514824,호남수산,4119510400102770006024883,4,한신빌라,,,41,경기도,,1,6,Q,음식,Q03,일식/수산물,Q03A02,음식점-일식,I56113,일식 음식점업,37.5067831425986,4119010400,도당동,경기도 부천시 도당동 277-6,4119010400202770006,277,6,126.781167713341,14526,420808,1,대지,경기도 부천시 옥산로150번길,경기도 부천시 옥산로150번길 4,411904352391,41190,부천시
76,2629057000,용호1동,26514829,호호돼지국밥,2629010700101760030008909,111,엘지메트로시티아파트,,,26,부산광역시,1006,,103,Q,음식,Q01,한식,Q01A01,한식/백반/한정식,I56111,한식 음식점업,35.1269407709741,2629010700,용호동,부산광역시 남구 용호동 176-30,2629057000201760030,176,30,129.109549620716,48516,608776,1,대지,부산광역시 남구 분포로,부산광역시 남구 분포로 111,262903131015,26290,남구
77,2647073000,연산9동,26514839,현민물장어구이,2647010200103860035020419,38,,1,,26,부산광역시,,1,1,Q,음식,Q03,일식/수산물,Q03A07,민물장어전문,I56111,한식 음식점업,35.1908629389276,2647010200,연산동,부산광역시 연제구 연산동 386-35,2647010200203860035,386,35,129.100129523561,47565,611080,1,대지,부산광역시 연제구 안연로,부산광역시 연제구 안연로 38-1,264703130029,26470,연제구
78,4678039000,회천면,26514843,회천수산,4678039021104760025503512,2272,,,,46,전라남도,,,,Q,음식,Q03,일식/수산물,Q03A02,음식점-일식,I56113,일식 음식점업,34.6668729606702,4678039021,회천면,전라남도 보성군 회천면 율포리 476-25,4678039021204760025,476,25,127.083743862583,59471,546873,1,대지,전라남도 보성군 회천면 남부관광로,전라남도 보성군 회천면 남부관광로 2272,467803017028,46780,보성군
79,4148037000,적성면,26514844,황금단란주점,4148037035100500002007208,1020,,,,41,경기도,,2,,Q,음식,Q09,유흥주점,Q09A07,기타일반유흥주점,I56211,일반유흥 주점업,37.9540762110556,4148037035,적성면,경기도 파주시 적성면 마지리 50-2,4148037000200500002,50,2,126.918459552841,10803,413913,1,대지,경기도 파주시 적성면 청송로,경기도 파주시 적성면 청송로 1020,414803206087,41480,파주시
80,1138055200,갈현2동,26514845,화덕피자파숑,1138010400105050013031480,209,,,은평갈현점,11,서울특별시,,1,,Q,음식,Q07,패스트푸드,Q07A01,피자전문,I56192,"피자, 햄버거, 샌드위치 및 유사 음식점업",37.6160739867762,1138010400,갈현동,서울특별시 은평구 갈현동 505-13,1138010400205050013,505,13,126.913621731815,03324,122050,1,대지,서울특별시 은평구 갈현로,서울특별시 은평구 갈현로 209,113803111001,11380,은평구
81,2915569000,주월1동,26514863,호동이네칼국수.추어탕,2915510600104310013011766,11,,2,,29,광주광역시,,1,,Q,음식,Q04,분식,Q04A02,국수/만두/칼국수,I56194,분식 및 김밥 전문점,35.1272311523724,2915510600,주월동,광주광역시 남구 주월동 431-13,2915510600204310013,431,13,126.895597296961,61724,503310,1,대지,광주광역시 남구 서문대로749번나길,광주광역시 남구 서문대로749번나길 11-2,291554283391,29155,남구
82,4571025300,봉동읍,26514869,호야영양돌솥밥,4571025324108910008052421,24,,,봉동점,45,전라북도,,,,Q,음식,Q01,한식,Q01A01,한식/백반/한정식,I56111,한식 음식점업,35.959231353627,4571025324,봉동읍,전라북도 완주군 봉동읍 둔산리 891-8,4571025324208910008,891,8,127.122485219529,55319,565902,1,대지,전라북도 완주군 봉동읍 원둔산3길,전라북도 완주군 봉동읍 원둔산3길 24,457104619275,45710,완주군
83,4119062000,상동,26514883,호박중년메들리,4119510900104530000022441,54,송화빌딩,,,41,경기도,,1,,Q,음식,Q09,유흥주점,Q09A06,관광/유흥주점,I56211,일반유흥 주점업,37.490737194481,4119010900,상동,경기도 부천시 상동 453,4119010900204530000,453,,126.755386370131,14623,420816,1,대지,경기도 부천시 부일로221번길,경기도 부천시 부일로221번길 54,411904352051,41190,부천시
84,4146552000,풍덕천2동,26514890,호치킨하우스,4146510100110700006026251,41,,,,41,경기도,,1,,Q,음식,Q05,닭/오리요리,Q05A08,후라이드/양념치킨,I56193,치킨 전문점,37.322332890012,4146510100,풍덕천동,경기도 용인시 수지구 풍덕천동 1070-6,4146510100210700006,1070,6,127.093572662993,16836,448170,1,대지,경기도 용인시 수지구 수지로296번길,경기도 용인시 수지구 수지로296번길 41,414654415078,41465,용인시 수지구
85,4711365500,죽도동,26514893,형제수산,4711311600105570007094648,33,,,,47,경상북도,,1,,Q,음식,Q03,일식/수산물,Q03A02,음식점-일식,I56113,일식 음식점업,36.0362762638389,4711311600,죽도동,경상북도 포항시 북구 죽도동 557-7,4711311600205570007,557,7,129.368834002903,37740,791843,1,대지,경상북도 포항시 북구 죽도시장1길,경상북도 포항시 북구 죽도시장1길 33,471134712583,47113,포항시 북구
86,4221060000,대포동,26514894,혜선이회집,4221011000106740012005554,65,,5,,42,강원도,,,,Q,음식,Q03,일식/수산물,Q03A02,음식점-일식,I56113,일식 음식점업,38.1805337181671,4221011000,대포동,강원도 속초시 대포동 674-12,4221060000206740012,674,12,128.608095891335,24900,217100,1,대지,강원도 속초시 해오름로,강원도 속초시 해오름로 65-5,422103223022,42210,속초시
87,2817064500,도화2.3동,26514903,화개장터,2817010500100240010207913,38,,,,28,인천광역시,,,,Q,음식,Q01,한식,Q01A01,한식/백반/한정식,I56111,한식 음식점업,37.4779715280402,2817010500,도화동,인천광역시 남구 도화동 24-7,2817010500200240007,24,7,126.655258070641,22110,402060,1,대지,인천광역시 남구 연송로,인천광역시 남구 연송로 38,281703151032,28170,남구
88,3171025900,범서읍,26514909,홍담불닭발,3171025927107990005005580,55,범서현대아파트,,,31,울산광역시,,,4,Q,음식,Q01,한식,Q01A01,한식/백반/한정식,I56111,한식 음식점업,35.5705855213866,3171025927,범서읍,울산광역시 울주군 범서읍 구영리 799-5,3171025900207990005,799,5,129.241262543645,44923,689852,1,대지,울산광역시 울주군 범서읍 점촌4길,울산광역시 울주군 범서읍 점촌4길 55,317104319920,31710,울주군
89,4141051000,군포1동,26514916,황금식당,4141010100107780003003595,32,,,,41,경기도,,1,,Q,음식,Q01,한식,Q01A01,한식/백반/한정식,I56111,한식 음식점업,37.3531224987231,4141010100,당동,경기도 군포시 당동 778-3,4141010100207780003,778,3,126.947684276772,15855,435010,1,대지,경기도 군포시 군포역1길,경기도 군포시 군포역1길 32,414104400078,41410,군포시
90,4148025000,문산읍,26514919,호프클럽,4148025022101690009010850,50,풍성교회,,,41,경기도,,1,,Q,음식,Q09,유흥주점,Q09A01,호프/맥주,I56219,기타 주점업,37.8637955376257,4148025022,문산읍,경기도 파주시 문산읍 당동리 169-9,4148025022201690009,169,9,126.773924638562,10819,413902,1,대지,경기도 파주시 문산읍 당동1로,경기도 파주시 문산읍 당동1로 50,414803206013,41480,파주시
91,4311375100,봉명1동,26514920,화제식당,4311311500108930000002275,585,,,,43,충청북도,,,,Q,음식,Q01,한식,Q01A01,한식/백반/한정식,I56111,한식 음식점업,36.640987953297,4311311500,봉명동,충청북도 청주시 흥덕구 봉명동 893,4311311500208930000,893,,127.461351035842,28561,361300,1,대지,충청북도 청주시 흥덕구 1순환로,충청북도 청주시 흥덕구 1순환로 585,431133236001,43113,청주시 흥덕구
92,2814059000,송림2동,26514921,황금식당,2814010700100560078093300,12,,,,28,인천광역시,,1,,Q,음식,Q01,한식,Q01A01,한식/백반/한정식,I56111,한식 음식점업,37.4757706291329,2814010700,송림동,인천광역시 동구 송림동 56-79,2814010700200560079,56,79,126.642443130329,22543,401070,1,대지,인천광역시 동구 안송로,인천광역시 동구 안송로 12,281403150017,28140,동구
93,4119080000,성곡동,26514930,홍가돈가,4119910200100520000042944,304,,,,41,경기도,,,,Q,음식,Q01,한식,Q01A01,한식/백반/한정식,I56111,한식 음식점업,37.5200291365849,4119011800,여월동,경기도 부천시 여월동 52,4119011800200520000,52,,126.79529634462,14484,421812,1,대지,경기도 부천시 삼작로,경기도 부천시 삼작로 304,411903186004,41190,부천시
94,4375031000,덕산면,26514933,황금야식,4375031030105880009004644,752,,1,,43,충청북도,,,,Q,음식,Q01,한식,Q01A01,한식/백반/한정식,I56111,한식 음식점업,36.9113446347757,4375031030,덕산면,충청북도 진천군 덕산면 용몽리 588-9,4375031000205880009,588,9,127.507061499588,27852,365843,1,대지,충청북도 진천군 덕산면 초금로,충청북도 진천군 덕산면 초금로 752-1,437503014048,43750,진천군
95,4571036000,고산면,26514935,형제갈비,4571036021105800003027713,94,,,,45,전라북도,,,,Q,음식,Q01,한식,Q01A02,갈비/삼겹살,I56111,한식 음식점업,35.9747089812167,4571036021,고산면,전라북도 완주군 고산면 읍내리 580-3,4571036021205800003,580,3,127.207004576507,55311,565864,1,대지,전라북도 완주군 고산면 고산로,전라북도 완주군 고산면 고산로 94,457103273002,45710,완주군
96,4311259000,성화.개신.죽림동,26514939,황철수피자장충동왕족발돈가,4311311100102690004011359,234,,2,,43,충청북도,,,,Q,음식,Q07,패스트푸드,Q07A01,피자전문,I56192,"피자, 햄버거, 샌드위치 및 유사 음식점업",36.6258322168408,4311210900,개신동,충청북도 청주시 서원구 개신동 269-4,4311259000202690004,269,4,127.450085607189,28645,362804,1,대지,충청북도 청주시 서원구 성봉로,충청북도 청주시 서원구 성봉로 234-2,431123237050,43112,청주시 서원구
97,4125056600,송내동,26514942,홍국수,4125010100107090011000001,23,,,,41,경기도,,,,Q,음식,Q04,분식,Q04A01,라면김밥분식,I56194,분식 및 김밥 전문점,37.8836173365775,4125010100,송내동,경기도 동두천시 송내동 709-11,4125010100207090011,709,11,127.055394956137,11365,483010,1,대지,경기도 동두천시 평화로2185번길,경기도 동두천시 평화로2185번길 23,412504367198,41250,동두천시
98,3111053000,반구2동,26514944,현대초장,3111011800102370017022630,7,,,,31,울산광역시,,2,,Q,음식,Q03,일식/수산물,Q03A01,횟집,I56111,한식 음식점업,35.5608416560865,3111011800,반구동,울산광역시 중구 반구동 237-17,3111011800202370017,237,17,129.341454248073,44515,681260,1,대지,울산광역시 중구 해오름15길,울산광역시 중구 해오름15길 7,311104307498,31110,중구
99,4277025000,정선읍,26514949,황지보쌈,4277025021103590003009387,1367,,,,42,강원도,,,,Q,음식,Q01,한식,Q01A01,한식/백반/한정식,I56111,한식 음식점업,37.3800964443894,4277025021,정선읍,강원도 정선군 정선읍 봉양리 359-3,4277025000203590003,359,3,128.665857937287,26130,233804,1,대지,강원도 정선군 정선읍 정선로,강원도 정선군 정선읍 정선로 1367,427703229023,42770,정선군
